347 117 5.0 3.905331011323482
751 596 4.0 3.897776166867208
660 318 3.0 1.8915634056568305
178 568 4.0 3.9174588346317747
121 428 5.0 3.1777475677863842
423 316 4.0 3.291824817518248
660 87 2.0 1.74377968056496
268 82 3.0 3.0486112943212493
405 81 3.0 1.841594455015008
304 742 3.0 3.6301768995719836
73 28 3.0 2.361668327983333
385 485 4.0 1.603294684608326
90 659 4.0 5.090958542838453
290 204 4.0 4.480240073868883
56 172 5.0 3.843712736792575
276 71 4.0 3.298194567618045
276 148 3.0 3.3569162547451015
144 528 4.0 4.160224831453051
92 476 2.0 3.881013734839276
70 423 5.0 3.4266453349109987
157 597 3.0 3.9289084028346153
293 195 3.0 1.6818259222425511
7 232 3.0 4.3824193093655115
325 514 4.0 2.73046398046398
582 25 3.0 3.77876746726426
559 427 4.0 2.844000504526913
482 286 3.0 3.2194610778443113
92 405 2.0 3.2543168880455413
559 527 4.0 2.677383877368349
14 42 4.0 3.6878753156960933
96 423 5.0 4.273894738116931
213 187 5.0 4.875950865676329
318 301 4.0 3.4786639469090828
162 42 3.0 3.577321153675593
346 293 3.0 1.8699270866091062
94 7 4.0 3.593166869679399
246 68 5.0 3.090542907374675
201 215 2.0 3.3505938505938504
655 521 3.0 2.2441394955083713
433 293 3.0 4.191534574203008
554 118 4.0 3.7741504496946114
566 210 4.0 3.6200009113005955
24 357 5.0 4.547446879384527
245 240 1.0 3.879259226793471
498 514 4.0 2.6187033744071333
100 346 3.0 3.4631683711402514
210 154 4.0 4.5666867370943685
591 66 2.0 3.798698785223003
291 582 4.0 3.954323039553734
498 483 3.0 2.7825170442128737
161 181 2.0 1.628579188353683
1 73 3.0 3.913129337549358
484 144 4.0 4.450342932909957
378 428 3.0 3.0812720161995184
582 919 5.0 4.131197326069726
393 215 4.0 3.1523177917221945
527 275 3.0 4.09194435232277
200 48 2.0 4.450259233499581
435 845 3.0 3.4327507870876857
559 153 3.0 2.737732613568688
380 313 4.0 2.890902190736086
756 9 2.0 2.5007001575354457
735 126 3.0 1.7682016610123639
705 117 5.0 3.6742176356826444
506 684 5.0 3.927345892157102
200 509 4.0 4.502037272289249
13 242 2.0 2.40517039028658
303 531 4.0 3.7778591107773307
100 347 4.0 2.9393418262766615
1 64 5.0 3.8477074858751577
87 210 5.0 4.5620368909405995
421 79 4.0 4.255357337342088
378 527 4.0 3.977157120765343
343 234 1.0 2.6249218847644045
193 393 4.0 3.1184210677175117
192 476 2.0 3.472772344413262
332 300 5.0 5.227656947669377
83 423 4.0 3.401627558261123
15 121 3.0 2.6779016426407884
286 154 4.0 4.204767865656039
327 382 3.0 1.2651310360526993
435 190 4.0 3.335549208859482
13 14 4.0 2.9380861769769893
303 325 1.0 3.7778591107773307
654 283 5.0 3.365666710380302
94 47 5.0 3.313873897544647
472 588 3.0 4.980851771042797
504 25 4.0 3.1483310915804754
65 202 4.0 3.571078544071132
70 89 4.0 3.592590175688789
271 198 4.0 3.5566936673696268
80 215 5.0 2.4450018580453365
259 288 3.0 3.71415770609319
188 121 4.0 3.846686785593062
588 423 3.0 3.9358344479423173
405 2 1.0 1.3313745762735434
99 472 3.0 3.836661355985012
1 157 4.0 3.9498059539072576
62 708 3.0 3.639274076845729
290 227 2.0 4.480240073868883
484 588 5.0 4.288850901129062
194 86 3.0 2.3494682432012617
217 79 5.0 3.0164901771882855
249 179 5.0 4.242746869256911
381 517 4.0 4.872025360430779
739 55 1.0 3.763745311559314
70 28 4.0 3.3712753307493584
89 25 5.0 3.6165220239052553
249 294 3.0 4.210398417484597
323 319 2.0 2.8922778810476775
184 170 5.0 3.723759078613441
343 66 3.0 2.6249218847644045
161 435 2.0 2.189156419629967
233 117 3.0 5.690115207534252
195 496 4.0 3.5080847778505717
219 132 5.0 0.9721407624633431
72 135 4.0 3.1743477111880014
234 292 4.0 2.7285925196850394
1 96 5.0 3.902373724930396
815 99 4.0 3.701515446754379
625 135 5.0 3.631329690963812
301 194 4.0 4.09012171294335
178 241 5.0 3.8046758176521287
234 385 2.0 2.180029731819732
2 302 5.0 3.6111204482715387
328 82 4.0 3.292529910427247
665 177 3.0 2.864627397491873
168 546 3.0 4.116056316858738
549 50 5.0 3.7344266463259603
303 651 5.0 3.7778591107773307
28 234 4.0 3.88678071044706
504 97 4.0 3.465922838935111
474 258 4.0 4.148052650636323
281 301 3.0 3.7376053407081766
13 451 1.0 3.315513363584965
7 461 4.0 4.60943366083553
13 501 5.0 3.24918978691212
521 520 3.0 2.6930723173986024
239 518 3.0 4.2390321879928505
347 1028 2.0 4.370228369980914
298 514 4.0 4.462876057983845
42 79 5.0 4.1028323880476
240 751 3.0 5.093175853018373
566 289 1.0 3.684271634153938
54 475 5.0 3.878279289555157
95 514 2.0 3.759968337676844
690 402 3.0 2.946147938083422
7 241 4.0 4.497825343794812
95 386 2.0 3.4162383068782725
198 187 4.0 2.491352147476847
346 218 3.0 1.861149709227523
568 520 2.0 3.316780406801696
201 213 4.0 3.691079392952515
162 628 4.0 3.727643758678229
660 462 2.0 1.8387757692661104
184 286 4.0 2.831991590606092
429 498 5.0 3.8163277097666395
188 199 4.0 3.7841003865796186
51 679 3.0 4.253346855983773
307 185 3.0 2.661917397323488
198 549 3.0 2.3671783228385608
4 327 5.0 5.05547629158847
151 461 4.0 4.674638060352346
72 176 2.0 3.526441391966735
293 4 4.0 2.2818963933394913
96 156 4.0 4.414012938239109
276 214 5.0 3.836558687268502
90 527 5.0 4.8115507724074424
250 748 2.0 3.4346611350614085
11 90 2.0 3.037863420602324
58 98 4.0 3.847559358812702
479 161 3.0 3.8599928308353233
222 378 1.0 3.2194964937643427
654 98 5.0 2.4172691062092175
506 323 3.0 3.939619166283474
484 318 5.0 4.4359892043945806
291 742 3.0 3.648987769187422
23 219 1.0 3.8003222907268492
479 175 4.0 3.3274931092103723
603 294 4.0 3.1968250484410525
429 225 2.0 4.188007538020004
527 651 5.0 3.790831953187138
367 559 4.0 4.954348763787746
271 504 3.0 4.067181853265013
64 228 4.0 3.4434343538196215
815 451 3.0 3.7421451899343414
260 326 5.0 3.914754310110864
378 435 4.0 3.3519558544748804
411 73 4.0 4.083004792710224
184 182 4.0 3.368550071453776
83 97 4.0 3.758270101719741
474 506 5.0 4.314897072156183
517 131 3.0 4.007220748600059
123 483 4.0 2.1276908266762877
198 121 3.0 3.064323197285422
326 510 5.0 3.0053900460367307
22 201 4.0 4.005530417295123
304 343 3.0 3.3605028558211063
423 591 5.0 3.093489433641944
95 178 5.0 3.8187409914236534
328 291 4.0 3.4413085507369345
53 845 3.0 3.697798234799162
568 135 4.0 3.3659854641964717
474 508 3.0 4.109748514804564
178 405 3.0 4.412477192035746
642 462 4.0 3.329628023363324
25 269 4.0 4.571466450439184
13 92 3.0 3.5738230917308647
63 250 5.0 1.3803985332706352
293 77 2.0 2.2756485719414563
269 143 3.0 1.9603618929972861
95 328 5.0 3.605194157773749
523 70 5.0 4.592437885232554
233 192 5.0 5.277059688176814
328 739 3.0 3.4084309774380515
164 751 4.0 5.188750212998206
472 193 5.0 4.848987434100321
64 273 2.0 3.5128821295853667
193 715 3.0 2.8471327572662997
294 1011 2.0 4.2439385807466214
82 197 4.0 2.830627831468686
193 313 4.0 3.335451975707484
11 190 3.0 3.2279644640435063
62 747 3.0 3.133412459621487
184 216 4.0 3.2636187026699703
554 87 4.0 3.9437964726260626
161 48 1.0 1.5701412953693177
95 215 4.0 3.5862495819521696
642 88 5.0 2.594059573064532
405 66 5.0 1.6006352075719004
286 762 2.0 3.1309024012022153
307 472 3.0 4.368989204176803
136 269 5.0 4.2334432512038624
678 25 2.0 4.256827194700839
151 462 4.0 4.461038600586868
303 404 4.0 3.999180727160002
275 435 3.0 2.8416790402726124
504 162 4.0 3.6578538326048777
290 472 4.0 4.480240073868883
403 222 5.0 4.654532556713594
56 56 5.0 4.013892138192791
479 82 4.0 3.551464737308309
399 673 3.0 1.583961789844143
471 393 5.0 3.7413329709634477
14 15 4.0 3.693922264144546
690 194 4.0 2.946147938083422
178 257 5.0 3.853653634633777
385 433 4.0 1.9960389041540696
62 258 5.0 3.6067190956418136
550 181 5.0 4.081963709764445
290 164 4.0 4.480240073868883
378 132 4.0 4.029052749384519
405 302 4.0 2.44511289368292
235 185 4.0 3.9747364076603198
92 501 2.0 3.881013734839276
435 550 3.0 3.234179509434658
295 511 5.0 4.861111111111112
118 23 5.0 5.292729402624288
109 1011 3.0 4.150666315842617
746 62 3.0 3.8183191074586826
210 393 3.0 4.554216116103802
298 203 3.0 4.788071740764005
276 751 4.0 3.6894288676089464
831 83 4.0 2.8279978296256107
642 96 5.0 2.594059573064532
271 294 2.0 3.05552809370926
690 202 2.0 2.946147938083422
429 756 2.0 4.102388406960742
186 554 1.0 3.8492838363869524
301 546 4.0 3.771372383944222
109 82 5.0 4.166811787563866
327 14 4.0 2.0320033558362613
42 185 4.0 4.000487160120629
276 720 2.0 3.3579481537732976
291 410 5.0 4.008006729594111
56 118 4.0 3.8062052426904334
222 678 3.0 3.425982727528732
94 654 5.0 3.332298201933284
474 255 4.0 3.812680279542753
326 228 4.0 3.0053900460367307
506 230 4.0 4.472767153981582
214 174 4.0 3.2555254377354452
268 178 4.0 2.9147803739684663
301 162 3.0 4.340232792454064
225 566 4.0 5.828727556596409
22 89 5.0 3.3548588297617727
705 820 3.0 4.77475182619999
301 183 3.0 4.18937808449566
930 282 4.0 3.4834561043352252
332 431 5.0 5.167846471648415
328 423 4.0 3.0677345162712597
201 150 4.0 3.691079392952515
23 747 3.0 3.8286374673443513
436 715 4.0 2.5287948975724968
526 298 4.0 3.408092570784415
124 173 2.0 3.7186568415304
747 70 4.0 2.8455094251858117
193 246 3.0 3.4411885876979724
402 228 3.0 4.583583519603261
504 54 4.0 3.115616501777247
178 511 5.0 3.812527607244892
327 433 4.0 2.0720089955057372
54 273 4.0 4.329794639749391
286 411 2.0 3.8026991547694537
201 271 4.0 3.691079392952515
187 663 3.0 4.105379453551542
153 294 2.0 -0.12305087989832053
318 385 4.0 4.0194085226463585
474 7 5.0 4.508745688648951
157 475 3.0 4.4770771601688235
148 163 4.0 4.642785319255908
154 302 4.0 4.2798549596321775
55 22 5.0 2.9840259925211825
447 118 4.0 4.099436082840581
259 255 4.0 3.9276348493422506
151 196 4.0 4.614574954691985
815 582 1.0 3.532636614013841
222 94 3.0 3.386525538163631
38 99 5.0 4.076826908260617
665 546 2.0 2.351930463779399
199 268 5.0 2.311974281965535
132 154 4.0 3.2356490991219826
291 66 4.0 4.196849230960526
95 31 4.0 3.6353406547652054
176 181 3.0 4.167698421795224
248 117 5.0 4.324573602781291
151 301 4.0 4.6014895420356074
576 259 2.0 3.3374062050729214
184 215 4.0 3.1463246450183675
462 272 5.0 3.818680355839687
79 301 3.0 3.656671760638825
62 421 5.0 3.6289252879810268
588 588 4.0 4.270181712341702
268 99 3.0 3.039094317115615
751 181 5.0 3.7916304866590185
56 173 4.0 3.8643671565060664
527 185 5.0 3.9617797118996547
301 7 4.0 3.8341448433001117
327 204 4.0 1.9558590439980366
498 109 3.0 2.3212653014252154
655 316 4.0 1.4052785808232597
663 509 4.0 3.505569304948306
472 260 4.0 5.439944062882037
177 187 4.0 4.129092572067751
269 1028 2.0 3.5810955621696676
293 248 3.0 2.2477746468454978
23 109 3.0 3.7178399593510694
472 230 5.0 5.096865278600012
13 232 3.0 3.2686558886619137
294 127 5.0 3.7332156724032477
474 288 3.0 3.829179444376653
323 203 5.0 2.8759803290570063
288 190 1.0 4.112241381264199
289 147 3.0 3.119659885958726
268 399 3.0 3.004383585421408
447 83 5.0 4.158230016802421
201 326 2.0 3.3505938505938504
275 304 3.0 3.324122718778443
663 265 4.0 4.368592805079406
655 121 3.0 2.0890879567359644
393 250 4.0 3.351168536853022
484 924 5.0 4.465989658297351
48 511 5.0 3.628199417426529
12 96 4.0 4.918236023940333
216 7 5.0 3.598518341485529
222 183 4.0 3.4000442204413512
709 568 4.0 2.8232021709633655
194 7 3.0 2.1865134717995764
301 172 5.0 4.018565980350801
429 200 3.0 3.64194466008548
109 367 3.0 4.258362760791844
1 80 4.0 4.259615384615385
347 550 5.0 4.22843089824222
385 208 3.0 1.9770652727767326
474 22 4.0 4.363619434043324
180 356 3.0 4.0654976072001965
7 515 3.0 4.34313582174954
12 4 5.0 4.49281581734109
13 135 5.0 3.6191663104107303
527 582 2.0 3.959667760731254
313 385 4.0 3.7780733855948068
343 53 5.0 2.6249218847644045
249 568 4.0 4.05991929484358
246 215 2.0 3.8685522829982864
99 201 3.0 4.243190647623017
399 62 3.0 2.054501237132618
699 685 3.0 4.11165915641619
378 568 4.0 3.0640548074088167
38 185 2.0 2.2035871949353703
284 302 4.0 3.74137701759237
430 137 3.0 3.525221379460784
151 170 5.0 4.262068394980697
227 295 5.0 3.14065403195838
642 216 3.0 0.8136828291200442
435 121 3.0 3.125977875140817
268 259 3.0 3.0599326166755176
243 435 4.0 3.7802400738688826
68 276 5.0 3.000230308613542
64 22 4.0 3.5687537477674343
642 208 5.0 2.6146323119702943
919 23 3.0 3.661846365570523
178 226 4.0 3.7386730906703924
484 73 4.0 4.336424688816429
684 94 3.0 3.436426899591559
380 211 3.0 3.016599246443688
642 378 3.0 4.446861309149918
328 300 5.0 3.2874142572053344
443 271 4.0 4.223463446985166
181 412 2.0 2.069411523967055
271 1028 2.0 2.8792221023354054
147 302 4.0 4.859867950530144
97 69 5.0 4.601988286886373
182 50 5.0 3.741174568920345
480 705 4.0 3.187074479485203
690 174 4.0 2.946147938083422
121 50 5.0 2.967218961145755
184 693 3.0 3.186207227435982
286 596 3.0 3.5343025542605604
90 25 5.0 4.2894590215792325
144 276 3.0 3.855921942610454
201 217 3.0 3.691079392952515
625 4 4.0 3.631329690963812
70 173 4.0 3.6163647890711172
136 283 4.0 4.599271950942356
284 332 3.0 3.6504255264585255
109 4 2.0 4.409078411577402
194 186 5.0 2.3600737963757172
21 234 5.0 3.7499370435658523
83 546 4.0 3.788565345221819
659 4 3.0 2.9387825121333333
293 504 4.0 3.386392609709184
405 526 1.0 1.6354932843518826
313 520 5.0 3.487857440941247
151 65 4.0 4.6266538002269995
257 405 3.0 2.9951793241457114
313 144 4.0 3.7141546444262454
678 275 2.0 3.764650224906779
243 77 3.0 3.7802400738688826
42 684 4.0 4.26047481514465
234 72 3.0 2.290216789063442
268 231 4.0 2.945852844787698
234 205 3.0 2.5173197957839712
682 243 1.0 3.7499156649305987
93 820 3.0 4.613573407202216
72 196 4.0 4.23399452055083
13 100 5.0 2.7942057483514278
179 302 4.0 1.7338362068965516
303 554 2.0 3.999180727160002
478 708 3.0 2.0668875444156347
660 423 3.0 1.6930026306626806
269 508 4.0 2.567375970962767
432 282 5.0 3.830414259051766
435 245 2.0 3.5523162912963224
269 246 5.0 3.3912280773785795
528 58 5.0 4.516039625093799
747 498 5.0 3.900467338039758
831 272 5.0 2.8279978296256107
393 559 3.0 3.1672647811035146
222 185 4.0 3.2853186997232378
328 211 4.0 3.166764996342144
23 173 5.0 3.4875103588207748
222 186 5.0 3.3856554890443
248 121 2.0 4.206460969233516
222 470 3.0 3.486537561137147
506 33 3.0 3.680008137284966
328 520 5.0 3.290294294574483
429 144 4.0 3.2817455305293013
204 258 2.0 2.8020833333333335
322 50 5.0 3.2801038623823437
187 659 5.0 4.088061727474016
660 173 5.0 1.7790049829023817
14 288 4.0 4.179859807792295
293 455 2.0 2.1256788318524475
271 526 5.0 3.112898866032148
603 288 3.0 3.8094186377804604
346 195 5.0 1.8699270866091062
298 527 5.0 3.974598107140292
269 170 2.0 1.7999039897122597
268 269 4.0 2.842785508703315
135 38 3.0 3.4121342030648307
180 186 4.0 3.6550948685803193
294 268 4.0 3.787515288919006
347 404 4.0 4.22843089824222
288 13 5.0 3.963076827839241
233 482 4.0 5.343179802313373
654 28 5.0 4.0028552569836275
64 70 5.0 3.6018302621172045
268 421 3.0 3.3386800432362658
479 385 2.0 3.6451291349359116
168 275 3.0 3.3593824270057415
679 100 3.0 4.428793532338308
111 269 5.0 3.564436889632673
709 29 3.0 3.6476473001828342
178 235 1.0 3.9822960676381207
200 402 4.0 4.572193231076608
77 199 5.0 3.201504188268172
328 879 3.0 3.575837671613086
28 895 4.0 5.203612233335206
200 1028 2.0 3.785725992358897
203 628 4.0 2.824664720051261
588 421 5.0 3.9206170893940464
184 192 4.0 3.3282767052608953
118 217 3.0 5.5072336185075255
70 511 5.0 3.458615862737668
526 301 2.0 3.408092570784415
14 430 5.0 3.976865737079958
164 281 4.0 5.330572719579921
684 117 4.0 3.2579798119466754
202 286 1.0 -0.4897727272727277
269 136 4.0 2.930211536945392
64 111 4.0 3.501043821788208
429 176 3.0 3.861133906388959
293 96 3.0 1.7466359161326046
393 62 4.0 3.244728420510684
332 451 5.0 4.739000621340522
455 87 3.0 3.441841565900186
919 246 3.0 3.24508855517622
87 179 4.0 4.207156762749229
62 196 4.0 3.2353281155928952
72 28 4.0 3.1877584553736167
715 447 3.0 3.655434557407811
180 181 2.0 3.8062918085538446
709 403 3.0 3.6476473001828342
763 13 3.0 3.5949592755099458
178 679 4.0 3.8578934808730114
679 294 1.0 4.795102215937247
276 193 4.0 3.5774061576825456
216 546 2.0 4.057815272285272
313 218 2.0 3.4773051975297413
94 186 4.0 3.162424896721059
249 198 5.0 4.075932355012812
678 285 3.0 3.623563343207111
462 315 4.0 3.649644670050761
7 56 5.0 4.208947712468309
423 282 4.0 2.772298889237194
208 435 5.0 4.162803382408341
332 12 5.0 5.005692374142459
679 483 5.0 3.395396946384354
304 313 5.0 3.6301768995719836
194 51 4.0 1.778643394352207
315 25 5.0 4.38202618455829
815 131 2.0 4.707929368649009
223 924 1.0 2.5409923718542813
343 47 4.0 2.6249218847644045
435 367 3.0 3.248704481461754
436 133 3.0 3.0723238069206014
429 281 3.0 3.9638520528334023
498 475 3.0 2.731325547023539
435 298 4.0 3.5722167337463153
628 292 5.0 5.9049679408838225
328 200 4.0 3.1930964839884455
393 628 4.0 3.3756438130876627
215 176 5.0 3.766064192763542
230 121 4.0 4.210590688256083
99 742 5.0 3.630953128539806
275 135 3.0 3.0551839720567844
194 239 3.0 2.2591749608223335
294 50 5.0 3.6917508511472836
660 122 1.0 1.6236639774348056
756 123 2.0 2.976779005028569
231 597 3.0 4.266654962214578
665 12 4.0 2.9248787791893798
478 255 4.0 2.0668875444156347
498 228 2.0 2.2912074276693004
550 275 4.0 3.692517278097364
148 181 5.0 4.406616270034591
92 218 4.0 3.5316989049107264
214 285 5.0 2.7127183079676565
815 515 5.0 3.532636614013841
71 357 5.0 3.129174958826696
504 122 1.0 2.6119695843425053
148 418 3.0 4.4008486209043784
472 405 5.0 5.375315007272884
307 631 3.0 3.7668777400414593
94 470 4.0 3.293413835487476
217 181 1.0 2.361824772626176
273 340 3.0 3.304648698546984
358 582 5.0 3.748171368861024
682 318 4.0 3.7499156649305987
13 210 3.0 2.8916460674575064
385 192 5.0 2.0675316804617108
301 582 2.0 4.000877710221627
295 380 4.0 4.861111111111112
597 50 5.0 3.707261960417641
323 64 5.0 2.918355642366768
515 304 4.0 3.102852163020367
2 286 4.0 2.8347055888223553
429 88 3.0 4.2551473172194285
429 249 4.0 4.0148057331369955
699 322 3.0 4.11165915641619
214 568 4.0 3.1484833787363575
474 748 3.0 3.961171120608532
484 181 5.0 4.7817243853815095
655 443 4.0 2.174699389338298
7 443 5.0 4.2374606106311505
588 208 3.0 3.954698884057673
655 294 3.0 1.8860630918547143
87 38 5.0 4.529877317852527
243 157 5.0 3.7802400738688826
293 347 2.0 2.3375194016605954
90 285 5.0 3.501990049751244
180 79 3.0 4.24115997744507
447 483 5.0 3.788904193952708
116 246 5.0 2.1461589145472066
928 328 3.0 4.343175853018373
378 300 4.0 3.251842568742225
7 215 4.0 4.474186982178157
591 517 4.0 3.8073390229478083
357 117 5.0 5.288772682108351
747 28 4.0 4.027872249777239
178 98 5.0 3.7265971680771823
197 750 5.0 0.9288202016683855
514 31 4.0 4.339469049839152
303 692 4.0 3.5092013578702876
271 756 2.0 2.9999594716949027
347 245 5.0 4.1031891226615205
693 281 3.0 2.7558956211012458
559 300 4.0 3.105963260847747
7 324 1.0 4.394500027047711
399 274 3.0 2.054501237132618
91 300 4.0 4.357203969343205
474 685 3.0 4.05192448697482
508 174 4.0 3.858656907725956
197 300 4.0 3.4669062081205726
276 652 4.0 4.302378664297008
213 1 2.0 5.169810397404725
161 276 5.0 2.047270785567497
328 232 3.0 3.422431809569504
315 4 4.0 4.833608512199596
42 25 3.0 3.896833898820656
188 79 5.0 3.7221926886268624
121 137 5.0 3.0721713225032796
2 13 4.0 3.6111204482715387
185 285 5.0 4.1182055883137245
92 732 3.0 3.232761697467217
276 357 5.0 3.5195697087070554
346 742 4.0 1.8824316875344516
183 483 5.0 3.3593301778876756
693 199 3.0 2.8300898582567684
332 8 5.0 5.796866477491648
7 399 4.0 4.2859338949618255
294 248 5.0 3.9054743863816044
313 636 4.0 3.4540978719800393
435 69 4.0 3.0920738253456808
7 191 5.0 4.49869241209987
501 591 4.0 4.337018581957853
276 98 5.0 3.3036458523007743
663 13 3.0 3.893408203927666
94 151 5.0 3.3997480103800877
87 72 3.0 4.397437151412989
218 154 4.0 3.8928086714110055
94 134 5.0 3.3540325867814937
291 501 4.0 4.045121905103818
751 99 4.0 3.9723900931845733
181 327 3.0 0.24272181535509696
498 54 2.0 2.461239620614335
315 285 5.0 4.271934464727714
290 202 4.0 4.480240073868883
156 480 5.0 2.8959045238874057
521 73 3.0 2.7111904020422344
506 566 4.0 4.842016766243109
190 269 4.0 3.2255495197417594
655 198 4.0 2.293837304169582
83 393 5.0 3.9749113146924993
559 55 4.0 3.0968285741219503
326 94 4.0 3.0053900460367307
94 546 3.0 3.0962731657829847
180 729 5.0 3.195781297593664
693 134 4.0 2.9230994775013794
213 257 4.0 5.082021235437876
227 116 4.0 2.784053698667449
382 100 4.0 2.2109229397941816
276 248 4.0 3.6508385443499587
269 293 3.0 2.807019626983666
930 235 2.0 3.4834561043352252
72 866 4.0 2.1228004369644946
747 154 3.0 3.8797285787028035
484 926 4.0 4.465989658297351
506 660 3.0 4.763397741786157
380 22 4.0 2.8089852012182224
246 289 2.0 3.090542907374675
293 31 2.0 1.699433904386287
531 751 4.0 4.4058265582655824
269 234 1.0 2.3759588934585265
203 288 5.0 3.632228681912696
514 747 4.0 4.761248344860637
283 109 4.0 4.708411690761774
194 237 3.0 2.3878828352083477
286 1014 5.0 3.8831386245935207
748 83 3.0 3.7095959963048353
194 628 3.0 2.321725046562607
357 151 5.0 5.180240073868882
328 403 3.0 3.2712389501938026
322 23 5.0 2.686820428020055
501 273 4.0 4.320390244956535
211 215 5.0 2.2898233385478592
526 248 4.0 3.408092570784415
332 181 5.0 5.3902201482850725
432 1016 3.0 4.058366869152781
447 258 5.0 4.192942671146064
87 88 5.0 4.616578687764391
378 550 2.0 3.3545254813121517
286 73 5.0 3.858093782689036
73 480 4.0 2.768804596216777
77 201 4.0 3.6293063849333946
7 126 3.0 4.941263873473755
25 116 4.0 4.46003661271935
429 404 4.0 4.0588105866857305
92 436 4.0 4.0394575265970944
682 8 3.0 3.7499156649305987
429 223 4.0 3.920098347811898
178 187 4.0 3.7287241374826685
125 482 1.0 3.8595222280348844
742 222 2.0 2.051133532833555
527 655 3.0 3.8595687789563407
22 184 5.0 3.8262908668180056
250 238 4.0 4.158393020289939
124 96 4.0 3.5544814627724044
201 184 3.0 3.691079392952515
125 210 5.0 3.754760614436485
378 77 4.0 3.3545254813121517
28 200 2.0 3.4893783940491954
222 651 4.0 3.371019371567496
197 127 5.0 2.933546133157094
405 193 4.0 1.263395773100323
506 54 4.0 4.373918328631338
302 258 3.0 2.3909537566648105
554 582 3.0 3.7506751231639863
747 521 5.0 3.942226480101045
214 12 5.0 2.861419200698018
248 250 3.0 4.02388389571962
11 237 4.0 2.9536188581498406
183 241 4.0 2.2351429484939405
642 432 2.0 3.329628023363324
378 272 4.0 3.192071439398752
303 1039 5.0 3.999180727160002
747 176 4.0 3.374317494704462
380 62 1.0 2.879202478616444
286 181 3.0 3.8083938932270667
97 7 5.0 5.265930185919096
197 229 3.0 3.9477943931776345
298 511 4.0 4.581425669815041
300 257 4.0 3.3247053712727346
286 228 3.0 4.181278027339189
347 455 2.0 4.096246492109527
198 214 4.0 3.005262023280317
380 170 4.0 2.468214745247633
83 527 4.0 3.7494141976110393
154 202 3.0 3.0862398139302285
455 518 4.0 3.2574420804822775
89 121 5.0 3.918159338226526
293 845 2.0 2.1248478633825476
181 304 1.0 0.8629957304780426
281 323 3.0 3.7376053407081766
184 692 4.0 3.082004748563537
1 179 3.0 3.903827953669585
378 403 4.0 3.192071439398752
301 88 4.0 3.7530136130624006
472 660 5.0 4.909571037301259
298 215 5.0 4.214703120451691
91 176 5.0 3.940476493515379
332 815 4.0 3.503124078986148
479 1039 4.0 3.8460243488063925
705 255 5.0 4.225380549015581
118 200 5.0 5.313300801834586
327 86 4.0 1.3745235612906832
210 98 5.0 4.676434434210326
429 625 3.0 4.22244984468139
56 122 2.0 4.092091253238998
86 270 5.0 2.8519049896381317
79 222 4.0 3.9713285953281208
274 100 5.0 3.3434007852612506
430 9 3.0 3.529102979774587
38 423 5.0 4.3685247536582095
178 64 5.0 4.412477192035746
235 83 4.0 3.8458744233612006
116 596 5.0 2.1461589145472066
546 219 5.0 4.523257725891561
347 202 4.0 5.740768918644756
313 222 3.0 3.753189162180572
472 255 5.0 5.3228491521723535
393 143 5.0 3.1025951606291233
194 89 3.0 2.2510952745043316
479 298 3.0 3.9243731809921645
435 501 3.0 3.354389438854367
216 15 3.0 4.217977180637283
735 288 4.0 3.2166854804801814
1 9 5.0 3.879458107337768
472 117 3.0 5.361471619678009
215 183 5.0 3.810062376109444
435 161 3.0 3.047098163642545
234 89 3.0 2.7745625954123194
357 125 5.0 4.650626169587033
385 498 3.0 1.9400225291321753
144 137 4.0 3.820826672635941
81 283 4.0 2.5992185498690548
15 472 3.0 2.906861822821906
174 323 1.0 3.8569610949618256
194 88 3.0 2.296763276642481
291 210 5.0 3.962226336723156
496 443 2.0 2.4409069459663795
506 654 4.0 4.328477763804344
496 485 3.0 2.6326265857398052
751 168 5.0 4.264946494704622
94 484 5.0 3.3244802180491826
693 604 3.0 1.8345243099341464
825 294 4.0 5.191175713918189
125 479 4.0 3.4953748438118626
168 411 1.0 3.3788912977381913
232 191 4.0 3.692713785099895
378 1047 2.0 3.192071439398752
232 22 3.0 4.120578613780413
234 127 4.0 2.6729240493129125
62 180 4.0 3.35928190515551
8 651 5.0 4.162105328017527
313 258 3.0 3.7093460448211246
430 318 5.0 3.2702362996480647
151 652 5.0 4.674638060352346
303 273 3.0 3.5092013578702876
248 290 3.0 2.7499370435658523
237 153 3.0 3.8444287279650182
332 64 5.0 5.4382859062947055
660 281 3.0 1.7840119230609524
222 284 3.0 3.4354752513051934
109 70 4.0 4.521749076796254
213 135 5.0 4.6174219664896246
38 393 5.0 3.798041695087251
393 223 4.0 3.325507938369506
82 111 4.0 2.737150814564819
393 168 4.0 3.0346960789383806
328 265 5.0 3.5416990614914003
665 237 3.0 2.4868697478991595
303 328 3.0 3.7778591107773307
508 73 3.0 4.173922873080709
58 137 5.0 4.081405847345178
705 257 4.0 3.530134725296064
655 135 4.0 2.1440175758509863
318 14 4.0 3.8786314050711197
252 129 4.0 4.189180741109382
566 143 3.0 2.817614985580491
200 304 5.0 4.366482736722141
289 15 3.0 1.657835497835498
286 554 4.0 2.969839191503716
591 286 4.0 3.927680540261816
21 218 4.0 3.7499370435658523
327 228 4.0 1.3494919985551144
230 117 5.0 4.036608575828564
326 205 4.0 3.0053900460367307
173 260 4.0 4.775779800873113
150 150 3.0 4.704565988871538
201 241 2.0 3.691079392952515
187 168 5.0 3.7556204315437243
276 382 4.0 4.087247688415587
665 98 4.0 2.4868697478991595
234 88 3.0 2.4191768467493997
748 319 3.0 4.181443929039822
433 268 3.0 3.7344714552870477
73 657 5.0 2.9500022449155994
682 234 3.0 3.7499156649305987
178 223 4.0 3.8046758176521287
530 322 4.0 3.5481074481074484
86 304 3.0 2.8519049896381317
294 271 5.0 3.910645889508096
291 50 5.0 4.636552976067801
186 250 1.0 2.925181406956782
223 597 4.0 2.414548660629913
257 313 5.0 3.7321606338330873
63 246 3.0 2.2308691551318574
204 304 3.0 3.070494901675283
269 134 4.0 3.140773999396439
693 234 2.0 2.4874640827523273
77 100 3.0 2.4177676732547333
318 356 4.0 3.5472868049841173
286 210 5.0 3.4822620288370496
100 333 3.0 3.0093714271616507
22 515 5.0 3.584443743721299
98 514 5.0 3.53682396497409
176 222 5.0 3.510092259073651
521 393 3.0 2.431424495855638
234 99 5.0 2.620402451877928
216 228 3.0 3.825940150070971
385 181 1.0 1.8751683753457868
326 153 4.0 2.7268685825732804
234 209 4.0 2.5022447415577744
273 307 2.0 3.304648698546984
109 763 2.0 4.237277381367207
506 216 4.0 4.842016766243109
399 147 5.0 2.062475943729175
588 133 5.0 4.022689911149685
48 483 5.0 4.2227411283249126
715 22 4.0 3.5612686446805375
845 346 3.0 4.49640626841051
58 191 5.0 3.7441366914503686
435 578 5.0 3.7524229761940293
13 38 3.0 3.7264725726180825
582 294 1.0 3.194160461432869
63 13 4.0 1.3803985332706352
214 357 5.0 3.646312000651607
90 482 5.0 4.2837222465647775
177 307 4.0 4.206041898071104
7 554 3.0 4.490666457989569
709 182 4.0 4.496667641040632
385 218 2.0 1.6207979419336653
268 582 5.0 2.799650994243328
91 195 5.0 4.428874807124974
815 91 3.0 3.532636614013841
188 97 5.0 3.6893776261713747
226 12 5.0 3.470452089817014
660 347 3.0 2.2691347354268707
21 289 3.0 3.7499370435658523
23 230 4.0 3.33031023512206
234 480 4.0 2.6290048362778062
21 245 1.0 3.7499370435658523
566 33 2.0 2.622274293113911
239 462 5.0 3.5427454485475915
347 157 5.0 4.22843089824222
90 153 5.0 4.204295232577342
399 31 3.0 2.152937066119964
568 187 3.0 2.822935146929868
159 685 4.0 2.9650887573964497
239 91 4.0 3.2174356535782485
234 317 2.0 1.9354845717400215
405 38 5.0 1.7039956708466564
71 56 5.0 3.5169578334526226
123 288 3.0 1.6824116743471582
151 31 3.0 4.257214995972481
56 28 5.0 4.01405083463507
378 125 2.0 3.251842568742225
163 357 4.0 3.0416259527066636
95 170 5.0 3.717530183141438
476 692 3.0 3.399446530807473
327 219 4.0 1.2651310360526993
474 276 5.0 4.6383608027628584
663 276 3.0 3.4573038115063497
654 742 4.0 3.9158048218361445
435 127 4.0 3.1399678334242656
55 7 3.0 3.0754555198285103
327 340 4.0 2.4228970444902846
201 65 4.0 3.691079392952515
65 526 4.0 3.394442737443818
243 22 3.0 3.7802400738688826
222 385 4.0 3.566454216430272
318 161 3.0 4.087305670587579
679 83 5.0 3.360798116092965
191 315 5.0 3.4588101281232966
275 597 3.0 2.835318076867045
121 514 3.0 3.4332371262452117
249 7 5.0 4.853532298054136
131 313 5.0 4.976311336717428
399 568 2.0 2.152937066119964
159 15 5.0 2.9650887573964497
58 172 5.0 3.7396325315228407
432 845 4.0 4.058366869152781
109 175 1.0 4.180502292616851
322 655 5.0 3.9557913351016802
7 187 4.0 4.338969804367015
332 449 4.0 3.503124078986148
71 89 5.0 3.5323353293413176
663 134 5.0 3.4573038115063497
655 315 4.0 1.8932581707775222
655 515 4.0 2.184803778169168
919 715 5.0 2.124820908057903
385 173 4.0 1.7667819939472267
70 380 3.0 3.340724799302041
435 90 4.0 3.4739950868955645
22 17 4.0 3.7269567391575578
521 238 3.0 2.9224386244464893
290 133 3.0 4.480240073868883
443 358 1.0 5.214157706093189
385 378 1.0 0.9146112459024223
403 50 5.0 3.3481057651611574
301 410 4.0 4.0549330974872655
735 9 4.0 3.3469577203264085
174 763 1.0 3.9385008160339225
271 521 5.0 3.257115972504014
137 237 4.0 2.9620494926619685
665 926 3.0 2.6257522911524673
327 451 4.0 0.4954226426609707
750 331 4.0 3.376654164100962
715 97 3.0 3.697228144989339
193 310 4.0 3.0000791105633966
654 568 4.0 3.937761607272736
66 15 3.0 3.654818373605851
144 213 4.0 4.086261300451977
735 50 5.0 3.2902674678920705
198 179 4.0 2.7231871521429976
405 62 1.0 1.2672914830202262
496 97 1.0 2.248333043894564
109 12 4.0 4.233937779085194
22 523 5.0 3.7192379814497545
307 428 4.0 3.7668777400414593
313 79 5.0 3.5923328446998424
208 208 4.0 4.1179048155338185
465 202 4.0 2.423033315742667
332 323 5.0 5.397941404284747
38 94 5.0 3.798041695087251
554 95 4.0 3.9434783572203567
246 172 5.0 3.3064415511092515
432 3 3.0 4.486116777656768
455 692 3.0 3.7655284744393898
472 210 5.0 5.296379132025034
554 21 1.0 3.5642512077294692
87 578 3.0 4.48348568216938
588 275 3.0 4.0011460577656575
295 449 4.0 4.861111111111112
230 97 5.0 3.870198424724361
250 288 4.0 3.2877175839462134
250 92 5.0 3.915274517655995
151 1047 2.0 4.530916737107724
177 642 4.0 3.9240500172635775
198 164 3.0 3.021347349168064
185 480 4.0 4.118506905738735
526 300 2.0 2.9544772034837585
919 22 5.0 3.576001152866956
484 211 4.0 4.225092750861958
291 195 4.0 4.000168189545213
421 96 4.0 4.255357337342088
693 28 2.0 3.0325395176025216
169 429 3.0 4.412646189639826
109 576 3.0 4.271059215438351
62 473 4.0 3.469262029507996
498 191 4.0 2.6369029084849247
56 235 1.0 3.7389303680001795
82 135 3.0 2.9523619194586694
484 423 5.0 4.435477304324763
210 451 3.0 4.675107676591642
234 273 3.0 2.177144493707162
94 215 4.0 3.176386870358442
2 293 4.0 3.6111204482715387
70 183 4.0 3.5025337899277025
144 91 2.0 4.177419397344755
200 235 2.0 4.189220770209299
70 88 4.0 3.467383607475171
559 188 5.0 2.804383436712622
705 96 5.0 4.151599218170391
23 257 3.0 3.1126652113204294
747 845 2.0 4.092637075579818
125 243 2.0 4.111553231846783
249 88 4.0 4.089403658899498
642 357 2.0 3.0127286086389105
143 323 3.0 3.7012559260502114
298 282 4.0 4.4052396081437655
13 474 4.0 3.184522016733435
58 193 3.0 4.049404693335792
127 690 1.0 3.2706038051769846
919 28 4.0 3.576001152866956
763 222 5.0 3.4415640912763266
393 473 3.0 3.4781534683843445
479 300 2.0 3.8970691038940086
201 157 4.0 3.691079392952515
25 176 4.0 4.453242793070378
2 292 4.0 3.1973425196850394
472 554 5.0 5.343212500083773
97 482 5.0 4.597877541516314
597 328 4.0 4.507832014454386
508 211 3.0 4.158243579183378
276 429 5.0 4.2305152239233
684 238 3.0 2.328782360912883
815 705 5.0 3.3017035059688036
399 527 3.0 2.1238050193710345
69 763 3.0 3.9886667125225777
215 210 4.0 3.64424983249109
198 196 3.0 3.0340508196155027
815 659 5.0 4.707929368649009
506 328 4.0 4.49685048232563
293 427 4.0 2.570818431577073
194 294 4.0 2.322862561742232
474 42 4.0 4.3740252129413255
385 325 4.0 -0.03267410218082878
25 479 5.0 4.366084845779001
96 200 5.0 4.005477622378686
271 302 5.0 3.197596045843132
1 116 3.0 4.438420287564335
82 274 3.0 2.76449190216657
405 708 1.0 1.537337822808004
216 652 4.0 3.7009571166357693
455 228 4.0 3.6479975232337476
94 93 4.0 3.6747532571096766
109 178 3.0 4.213065839368644
230 515 5.0 4.111557778915204
393 472 3.0 3.2616839284197163
402 480 5.0 4.261101098458032
381 432 5.0 4.872025360430779
159 291 4.0 2.9650887573964497
298 318 5.0 4.416420679766065
69 742 3.0 3.410511438137492
272 288 4.0 4.431783390738614
14 116 5.0 4.696534641920903
94 168 5.0 3.448609917622315
549 866 4.0 3.591041988596603
514 735 4.0 4.264466598159629
13 8 4.0 3.291615102696802
71 257 5.0 2.517187153900216
699 250 4.0 4.11165915641619
321 205 5.0 3.475726275535606
504 28 4.0 3.2972776265694064
87 196 5.0 4.724435669025752
259 271 3.0 4.20821512583898
268 200 4.0 3.0591051558776363
250 235 2.0 3.112884798931761
288 64 5.0 3.950293619346015
298 196 4.0 3.9444248215526807
174 742 4.0 4.074087191707165
471 596 1.0 3.3584076285693705
411 172 5.0 4.05715762359354
215 480 5.0 3.683625378596571
405 65 1.0 2.1880307791468163
58 1012 4.0 4.9742291449071345
455 282 3.0 3.6931788035396815
182 150 3.0 3.5927292269499485
566 693 5.0 3.3891051350068224
504 100 5.0 3.3119558156543603
269 8 2.0 3.1028420092561166
293 357 4.0 2.505582015897589
48 183 5.0 4.46964844345099
323 245 2.0 2.8984880932665433
198 71 3.0 2.9824144534879022
58 195 4.0 3.889275626319423
94 64 5.0 3.21982317115915
692 326 3.0 2.981518817204301
21 123 4.0 3.7499370435658523
82 174 5.0 2.665203661299396
13 143 1.0 3.126544357278463
174 747 5.0 3.8329936482829585
919 340 5.0 3.1072368244032265
465 216 3.0 2.608893171806167
378 385 4.0 3.251842568742225
496 378 1.0 3.1742742603703205
195 433 3.0 2.7674858367266957
269 68 3.0 1.6913527794632097
432 410 4.0 4.058366869152781
64 69 4.0 3.4640206734586085
89 13 2.0 4.452720163814625
94 504 5.0 3.3644323303895405
405 188 1.0 1.560041675776256
313 479 5.0 3.8748067827963686
94 679 4.0 3.2774487064529345
831 31 4.0 2.8279978296256107
198 118 2.0 2.8616080917411404
742 7 3.0 3.458577249006023
274 164 5.0 4.564494384604351
271 506 4.0 5.092776704897705
90 356 4.0 3.780084835034148
746 423 3.0 3.0349057105411044
684 763 2.0 3.5055853432269197
77 246 5.0 3.8797684559862815
193 485 5.0 3.2410097310899944
708 678 2.0 3.7828750901040062
271 735 4.0 3.1545106772861806
472 404 3.0 5.013281495642938
393 333 4.0 3.4182489120436452
250 480 5.0 3.410094049345404
506 68 4.0 4.49685048232563
90 155 5.0 4.077989995553465
447 762 3.0 4.3990271832638275
283 845 4.0 4.707688004879735
326 485 5.0 3.0053900460367307
72 792 3.0 4.557031356976585
663 284 4.0 4.382465170666087
380 1039 3.0 2.8811431623931627
654 116 4.0 1.0936953997674577
514 510 3.0 4.1375554295665395
315 127 5.0 5.048464473239488
286 559 4.0 3.9197850960333804
479 294 3.0 3.5687192149896254
268 249 4.0 2.9429016861707273
393 66 3.0 3.1678371881727707
222 77 4.0 3.4238984388816274
214 483 4.0 3.089977652847604
751 90 3.0 3.762752454970802
208 86 2.0 4.134563098214267
659 66 4.0 3.5596358633676615
419 191 4.0 4.046489337715937
393 69 4.0 3.244014221282784
318 58 4.0 3.903369520120273
310 274 3.0 2.6690368420295276
625 195 4.0 3.631329690963812
472 472 5.0 5.046655805556593
14 12 5.0 4.055302084700147
531 327 3.0 4.4058265582655824
763 213 4.0 3.7676032674926008
42 720 4.0 4.085414563686887
151 202 5.0 4.278226099577514
399 29 3.0 2.054501237132618
56 66 3.0 3.965133756721313
178 926 4.0 3.9951569833372367
321 515 5.0 3.7365075370403633
13 393 3.0 3.4159315647231603
194 73 3.0 2.396040650768678
294 476 3.0 3.830434514698653
566 56 4.0 3.526502260827867
22 154 4.0 3.8709517398318285
125 258 5.0 3.7335314965941557
663 321 5.0 3.204500069203759
92 209 5.0 3.6783145575365146
92 181 4.0 3.232761697467217
62 528 5.0 3.255496500088122
232 423 4.0 3.9124139653514485
72 427 5.0 3.572376989006046
144 69 5.0 4.033475609597481
483 258 4.0 3.2431708827991823
378 53 3.0 2.8319129359430475
7 70 1.0 4.6760071245779224
48 603 4.0 4.459046767186302
295 451 4.0 4.861111111111112
504 404 4.0 3.389986375927377
291 282 4.0 3.728487366342577
663 282 3.0 3.607077803799115
164 282 5.0 5.400848229715917
234 237 3.0 2.5847483423829134
239 204 3.0 3.8008800394771405
332 204 4.0 5.852287029569636
333 153 4.0 3.7322345218314994
9 286 5.0 3.92620546800191
405 504 2.0 2.0027420427386793
527 96 4.0 4.448145599757605
479 255 2.0 4.060298741919997
268 566 3.0 2.941875532655671
174 210 4.0 4.094423325495105
65 531 4.0 3.122684466075606
271 317 3.0 2.640034708100751
399 15 5.0 2.1491925366787408
2 310 4.0 3.1973425196850394
324 273 5.0 4.460875331564987
321 186 4.0 4.080068982508007
508 219 1.0 3.7839012008195114
276 238 5.0 3.8097117444581423
435 164 2.0 3.3323218113763438
357 1028 5.0 4.585866969656628
436 73 4.0 3.016976770562873
178 8 4.0 3.744333462402286
210 153 5.0 4.667917072098122
515 323 3.0 1.4339583894593069
217 29 2.0 2.837901267318017
378 186 3.0 2.8319129359430475
269 209 4.0 2.6020373417632134
196 285 5.0 4.531096269148166
97 192 1.0 4.388604648123423
479 22 4.0 3.949691838460366
474 924 4.0 3.496213924595887
109 755 5.0 4.22858417364935
92 240 2.0 3.748030105379849
301 28 4.0 3.87762588063241
90 237 4.0 3.353367753796192
62 290 3.0 1.477703841984825
62 423 3.0 2.733719227099752
194 8 3.0 2.352207037198256
625 91 4.0 3.631329690963812
603 62 2.0 3.7861062884304797
201 432 3.0 3.691079392952515
117 168 5.0 4.24148051546322
421 427 4.0 4.291357112317377
151 208 4.0 4.335058426826018
301 470 4.0 4.128096331672777
234 69 4.0 2.2912569756996124
239 39 5.0 4.049257834079679
246 83 4.0 3.3064415511092515
177 322 2.0 4.072763161421899
659 294 4.0 3.886280071853484
654 300 5.0 3.7783114594990477
63 181 3.0 1.3803985332706352
301 179 3.0 4.141544450766441
248 55 4.0 3.9968868424909187
748 173 4.0 3.5667528882573727
303 122 4.0 3.999180727160002
465 258 5.0 2.608893171806167
294 405 4.0 3.649572164328343
367 50 5.0 4.310259344012204
144 15 4.0 4.0984169779913735
15 748 3.0 2.5627841855545146
405 99 5.0 1.5047042708567604
307 186 5.0 3.6631710567381766
275 226 3.0 2.835222749464007
234 50 4.0 2.647452464237258
748 300 4.0 3.729400056393906
174 94 2.0 3.9541229906774014
290 404 3.0 4.480240073868883
496 89 5.0 1.9926670475803339
66 257 3.0 3.555156409863066
151 531 3.0 4.5816519758952206
62 554 1.0 3.5992491400942943
269 673 4.0 1.6896305164787657
92 554 2.0 3.232761697467217
233 286 3.0 5.492333701458476
432 313 4.0 3.830414259051766
332 38 2.0 3.503124078986148
815 443 3.0 3.9388118793051152
144 597 4.0 4.039661440950359
92 8 5.0 3.799957482701372
90 218 5.0 4.233858291561731
144 117 4.0 3.864683162118409
483 1 4.0 3.121248607137185
95 72 2.0 3.676904421699981
63 289 2.0 1.3803985332706352
11 79 4.0 2.8244928914108995
197 161 4.0 4.051066982170362
747 180 5.0 4.935896582186155
217 147 3.0 2.2805960894456643
250 98 5.0 3.862231079019229
144 471 4.0 3.9597540496112877
679 249 3.0 3.921258089166071
92 222 4.0 3.262236829800657
13 322 3.0 2.905855267195709
234 655 3.0 2.372374721762469
576 475 1.0 2.4778364722094626
213 678 4.0 4.4179748871458315
268 402 1.0 2.819907352866275
72 194 4.0 3.4450386401174735
378 95 4.0 3.032518709332681
715 168 4.0 3.7315119480253607
216 405 3.0 3.7141440479091474
194 357 4.0 2.3934397163486323
109 402 4.0 4.1595415679593835
642 151 3.0 2.6146323119702943
246 252 1.0 3.090542907374675
313 523 5.0 3.5375731222722067
433 358 2.0 4.191534574203008
327 367 4.0 2.107479801276019
194 631 2.0 2.577743716749516
423 286 4.0 3.499891334942034
198 234 3.0 2.9427534486907065
665 410 3.0 2.9060381384231113
246 219 5.0 3.090542907374675
655 2 3.0 2.0875766471837243
265 293 4.0 4.346359878332581
210 163 3.0 4.840429455184965
747 133 5.0 4.009296141397314
174 238 5.0 4.3407525210775875
233 515 5.0 5.266651899746438
94 510 5.0 3.425899846123366
83 412 1.0 2.8901957954490785
89 197 5.0 3.4131251294817764
393 121 4.0 3.4027011477318805
117 546 3.0 4.184658136260542
235 100 4.0 4.840664972386124
385 249 2.0 1.9913363608630485
198 1 4.0 3.0057199657768767
763 357 4.0 3.828880502214156
498 218 3.0 2.6326913986739378
184 15 3.0 3.004599344436533
66 295 3.0 4.195726495726496
168 596 4.0 3.0856161329092315
447 237 4.0 3.40541774438884
210 403 4.0 4.599490169373074
566 70 4.0 3.7494133628058273
514 173 5.0 4.397456891433255
276 157 5.0 3.7371638360261477
271 132 5.0 3.75070923356098
83 751 3.0 3.163088691337519
249 168 4.0 3.6187053334143657
474 582 5.0 4.607400181709593
222 333 5.0 3.483495784626326
709 28 5.0 3.3022766962766785
159 742 2.0 2.9650887573964497
8 89 4.0 4.391382097836965
692 238 4.0 3.84109171833399
42 125 4.0 4.083220125706494
255 118 1.0 1.8036379645829836
660 98 4.0 1.6156690307800115
200 118 4.0 4.176195035059594
176 285 5.0 3.332843533993302
246 67 2.0 3.3064415511092515
11 405 3.0 3.3843524912761285
326 659 4.0 3.0053900460367307
290 143 5.0 4.480240073868883
188 651 4.0 3.6861321185170413
7 54 3.0 4.193300221904646
7 211 5.0 4.27208016065658
660 96 3.0 1.5206110557433326
201 321 3.0 3.3505938505938504
506 663 4.0 4.191217291685899
245 50 4.0 3.903114196417855
508 204 3.0 3.901700723004765
214 175 5.0 2.9642162735794875
659 272 4.0 3.665194951390903
303 223 4.0 3.7778591107773307
90 478 5.0 3.501990049751244
77 172 3.0 3.1503925781975903
286 66 4.0 3.869033351095665
258 258 2.0 4.968945277312326
380 663 4.0 2.677161464400154
566 157 5.0 2.999583472664538
98 163 3.0 1.5403074615673042
405 208 5.0 1.8390291228444526
92 1014 3.0 3.894651226909292
504 161 4.0 3.412266103084733
825 823 4.0 5.191175713918189
8 195 5.0 3.757954285419011
259 928 4.0 3.886473429951691
302 271 4.0 2.621466884571706
474 150 5.0 4.007080193108746
328 301 2.0 3.4272526636781984
188 237 3.0 3.8077186651761594
327 234 5.0 3.1368189799950335
13 692 4.0 2.85659228666565
178 748 4.0 3.744320439769315
328 223 4.0 3.5105232555399977
181 597 3.0 0.7919767078787256
137 55 5.0 3.6727139776465396
295 485 4.0 4.861111111111112
90 509 5.0 3.8567745859258515
7 9 5.0 4.563775028542383
272 211 5.0 5.183993196110641
815 318 5.0 4.415799373040752
294 1014 2.0 4.580240073868882
64 356 3.0 3.5425292145277996
286 208 4.0 4.099739848194348
346 117 4.0 1.8824316875344516
87 157 3.0 4.365190814685043
381 514 5.0 4.872025360430779
198 411 1.0 2.6958439725572196
346 53 1.0 1.861149709227523
150 273 4.0 4.7263103206398505
470 475 4.0 2.999122123689962
200 443 5.0 4.447845918528493
81 276 4.0 2.3225174956852648
474 604 4.0 4.7236958443854995
58 433 5.0 4.278892447295736
283 24 4.0 4.727620597982991
474 286 5.0 4.47774125810886
307 195 3.0 3.1898795648795644
54 1012 2.0 4.228755252333723
177 121 2.0 3.675877110001494
291 94 2.0 4.109891921915068
82 310 4.0 3.42298402259116
655 709 3.0 2.2669763552338296
249 13 4.0 4.176346616326657
31 302 4.0 1.9065126050420163
530 214 2.0 3.5481074481074484
135 12 4.0 3.443232050453205
286 739 3.0 3.8517278765839076
831 591 4.0 2.8279978296256107
357 405 5.0 5.199762287571809
151 507 5.0 4.529813151855727
176 257 1.0 3.3219312421747627
283 208 5.0 4.4644163326132125
95 199 5.0 3.6296203596855996
7 501 5.0 4.278766827147152
216 276 4.0 4.038913404197283
222 436 4.0 3.1382571561044603
187 427 5.0 4.183765697867445
269 65 4.0 1.4165727774204697
56 732 4.0 3.8630495198376513
288 294 2.0 3.931020008367515
204 321 1.0 3.6952583644548573
276 258 5.0 3.4051530684605025
95 202 4.0 3.667880085131488
679 172 5.0 3.5822717138335087
215 226 4.0 3.655727520359925
233 588 5.0 5.359668211188643
14 13 4.0 3.922959893311741
70 169 4.0 3.6586568489256606
232 318 5.0 3.9500163191462194
269 93 3.0 2.8770274315893625
732 289 3.0 3.8628230668230303
204 216 4.0 2.4657846973765034
250 222 4.0 3.4363774108691256
472 123 4.0 5.2951898546159395
88 321 1.0 3.5188755020080325
123 14 5.0 2.2879458586056756
216 25 3.0 3.847258885381728
663 192 4.0 3.4769497343183557
746 183 4.0 3.607354967518709
378 252 4.0 3.0812720161995184
240 272 5.0 5.093175853018373
121 83 4.0 2.836768122961221
293 258 3.0 1.5651908686108276
291 588 4.0 3.807769310460565
194 321 3.0 1.6322384700916692
919 238 3.0 3.761879615045563
125 168 5.0 4.5363298647580965
258 243 3.0 5.84725750663949
177 11 4.0 4.04499570152601
178 271 4.0 3.812527607244892
274 50 5.0 5.010451052388786
357 283 5.0 4.394520212834437
318 64 4.0 4.02932266614759
480 96 4.0 3.3216395679735014
295 137 4.0 4.861111111111112
213 284 5.0 4.743097529513069
7 188 5.0 4.493306242270005
8 566 3.0 3.583169251280381
378 66 3.0 3.3545254813121517
92 747 4.0 4.040429322055672
7 121 5.0 4.606503490689851
42 357 5.0 4.097311033974336
286 50 4.0 4.153040597173397
28 185 5.0 4.02751612841282
332 410 4.0 5.5806422218846
235 429 4.0 3.581286607723861
269 154 3.0 2.593705450574579
276 298 5.0 3.656796532578036
210 25 4.0 4.591726630471517
323 257 2.0 3.1069309569916914
268 436 3.0 3.2614737692772064
484 50 5.0 4.2452152643559975
751 756 2.0 3.7734268896566645
54 820 3.0 4.238121929923642
405 501 3.0 1.91375893180241
660 216 2.0 1.6604082718176567
655 269 3.0 2.265953334247839
148 234 3.0 4.542908009321343
288 180 5.0 4.128118525025765
421 219 3.0 4.291357112317377
483 227 3.0 2.706590988179824
183 216 4.0 3.623066564166836
480 249 1.0 3.1437632142135388
319 307 4.0 3.063065293721843
747 172 5.0 4.411684251828876
42 496 5.0 4.204007875358668
91 498 3.0 4.26787001894788
380 71 4.0 2.6327465482312506
7 186 4.0 4.5103055919219255
11 526 3.0 2.9047104534675725
173 678 3.0 4.747517458191883
54 295 3.0 4.427099044746104
255 895 2.0 2.9537391959887636
276 219 4.0 3.724782744281632
566 154 3.0 2.903228122841569
201 198 4.0 3.691079392952515
421 509 2.0 4.291357112317377
64 71 3.0 3.492651095970605
554 229 3.0 3.9461596485481913
693 9 3.0 3.1142533340361607
95 518 4.0 3.646955223148197
96 8 5.0 4.287079148421938
747 427 5.0 4.298737133442779
203 283 5.0 2.7379284377957602
381 566 2.0 4.872025360430779
318 77 3.0 3.705602795206265
90 97 5.0 3.7398757423182727
214 181 3.0 2.8991251021158586
197 530 3.0 2.7205855610110925
301 127 4.0 3.967652801927313
83 356 4.0 3.5446213217206415
393 83 4.0 3.279130473304693
65 318 5.0 3.837049994131649
684 435 3.0 3.906193071302242
249 603 5.0 4.678016643587671
435 73 3.0 3.2447495944408757
429 928 2.0 4.188007538020004
233 202 5.0 5.539896175557547
223 95 5.0 2.082566927118527
625 23 4.0 3.631329690963812
28 229 2.0 3.892776873464434
276 150 4.0 3.775655210358922
378 636 3.0 3.192071439398752
183 77 3.0 2.588051453500355
200 243 3.0 3.9602196308828264
313 428 3.0 3.659971821183367
751 386 3.0 4.264946494704622
382 508 3.0 4.061157268829103
24 742 4.0 4.620249878906321
177 183 4.0 4.113892231371256
328 427 3.0 3.198605640239305
96 127 5.0 4.4573690653874065
42 655 3.0 4.463504139065454
591 13 4.0 3.9111676720887094
164 742 5.0 5.400848229715917
68 121 1.0 3.6316704741991273
919 755 3.0 2.9828635002399264
763 1 4.0 3.614523020338265
301 173 4.0 4.106699600091714
815 228 5.0 4.707929368649009
184 655 3.0 3.2157197064151397
8 222 5.0 3.360849880604773
293 496 5.0 1.930556779843218
7 196 5.0 4.557815725049913
223 216 5.0 2.461732545835736
92 403 4.0 3.660267596997332
496 190 5.0 2.505846044867458
748 194 4.0 3.912052530572708
276 264 3.0 4.020712084902431
333 180 1.0 3.622761420975203
715 31 4.0 3.5612686446805375
99 210 5.0 3.83150118032049
327 144 4.0 3.0528260885281835
272 96 5.0 4.802325645456761
147 292 5.0 4.859867950530144
226 270 4.0 4.897413793103448
271 479 4.0 2.8529392548918153
498 150 3.0 2.299412071530284
82 194 4.0 2.774499513462866
200 196 4.0 4.542962796598699
504 651 4.0 3.1133739756307612
66 117 3.0 3.18334552162639
184 235 2.0 3.2124876393123385
276 709 4.0 4.087837558223935
405 386 3.0 2.621602570065114
13 1 3.0 3.733804955023125
474 515 5.0 4.496577175105156
193 508 4.0 3.0910402825015955
249 183 4.0 4.386768024037706
268 201 3.0 3.0818415185226558
603 747 3.0 3.9267865597639293
748 427 4.0 3.905408433262345
95 436 5.0 3.561939269065031
188 174 5.0 3.7143547509566233
116 421 3.0 2.1461589145472066
411 186 5.0 4.168271739840976
239 65 5.0 3.487611280340641
514 180 3.0 3.6483810154260223
230 588 5.0 4.064699810017296
447 286 2.0 3.279088868462588
659 476 3.0 3.531946067867122
326 508 3.0 3.0053900460367307
144 172 4.0 4.236720537052014
240 302 5.0 5.093175853018373
99 268 3.0 3.856112447249817
168 9 1.0 1.645600802115111
232 289 4.0 3.8748159293012914
747 315 4.0 4.800069174083134
90 568 5.0 3.7670305232943986
528 193 4.0 3.288579958825723
131 137 1.0 4.976311336717428
340 71 5.0 4.3670186023127195
62 245 2.0 3.3660522234754495
756 435 3.0 2.9122916311833085
367 324 5.0 5.680006765756744
213 229 4.0 5.033604241953878
269 708 4.0 0.8227589851671517
930 257 4.0 3.4834561043352252
42 38 3.0 4.19666134137864
919 151 4.0 2.9828635002399264
879 255 4.0 3.1246726034573076
90 273 3.0 4.701844011933913
99 845 3.0 3.8746189729759735
756 195 3.0 2.917783013248515
318 24 4.0 3.5539091005066075
521 42 5.0 2.750205136305788
62 294 1.0 3.2938985697205276
125 435 4.0 3.823853575086342
655 192 3.0 2.4441146923191712
38 200 5.0 3.922098475999247
92 191 4.0 4.04190273456689
315 98 4.0 3.652383606481441
436 215 4.0 3.016976770562873
211 455 3.0 2.860999959876018
95 566 2.0 3.6500444485187984
23 427 5.0 3.1826218849884764
56 237 5.0 4.194963406192935
64 591 4.0 3.457287368851223
209 286 2.0 3.809461077844311
651 276 4.0 3.589159891598916
403 685 4.0 4.325666242174407
282 302 5.0 2.626338240103887
436 447 1.0 3.016976770562873
378 443 4.0 3.3545254813121517
178 197 2.0 3.4594588823863983
181 628 3.0 1.1400879580394263
378 83 4.0 3.2607790243799526
708 322 3.0 3.7828750901040062
328 216 3.0 2.881359980575363
235 511 5.0 3.486179174878016
258 272 5.0 4.871780050734946
94 39 3.0 2.934380551715363
318 763 3.0 3.9093006560947114
73 183 4.0 2.3326918204134097
13 161 5.0 2.6005734578141215
214 64 5.0 3.431647380198979
56 393 4.0 3.900551627533405
402 42 4.0 4.331543947600645
255 121 2.0 2.085602197479748
164 333 5.0 5.330572719579921
325 168 3.0 2.73046398046398
198 69 4.0 2.795903372603462
295 504 4.0 4.861111111111112
94 241 4.0 3.223622865611246
699 50 3.0 4.11165915641619
137 183 5.0 2.9905428398952987
199 322 2.0 2.0468924882687904
109 665 5.0 4.32595931711786
118 433 5.0 5.375388177237031
385 659 4.0 1.936912153384299
161 210 2.0 1.244421897054304
474 58 4.0 4.667879502129448
455 307 4.0 3.8882972054216345
291 1047 2.0 3.936807854687001
665 127 4.0 2.9649431629637286
588 485 5.0 3.9433969592202147
218 663 3.0 3.5375707144858284
276 51 3.0 4.210294852573714
504 504 4.0 3.190379207462318
25 568 4.0 4.471984071966202
523 432 5.0 4.719386456535179
521 163 3.0 3.040735304283122
95 451 3.0 3.6337349239879573
509 301 2.0 2.9807793193164107
321 604 5.0 3.4199689199689205
405 528 1.0 2.0296678876884346
405 462 2.0 2.122560982149405
92 739 2.0 3.319962511199797
92 665 3.0 3.8034209619760047
291 143 3.0 3.87641027031563
660 294 3.0 1.5420804374669324
201 68 2.0 3.691079392952515
217 210 4.0 2.7509746088354943
234 144 3.0 2.373417292288652
92 81 3.0 3.607186363912204
747 156 3.0 4.113009973968066
7 174 5.0 4.439067038619027
203 323 3.0 2.839125610482594
117 12 5.0 4.225602805589811
290 419 4.0 4.480240073868883
82 73 4.0 2.797893639413673
186 71 5.0 3.5128251806175532
514 302 5.0 4.147126433207547
276 8 4.0 3.513563249445326
12 708 3.0 4.284324595825415
200 588 5.0 4.555230509416467
301 123 4.0 4.141420368379576
50 15 2.0 4.57814515945826
521 568 3.0 2.4528192097325916
385 340 4.0 2.0847645074984142
1 257 4.0 3.9784094884341155
95 196 4.0 3.739581279239403
385 187 4.0 2.1605832608192257
56 559 4.0 3.797951724231053
380 222 3.0 2.606880166914645
659 479 5.0 3.395412054058435
64 447 4.0 3.572105693066689
709 50 5.0 3.3022766962766785
327 732 1.0 1.708551018232221
642 8 5.0 2.4215836039210963
255 678 2.0 1.8733795504383153
271 546 2.0 2.8982930670077787
347 91 1.0 4.370228369980914
7 628 3.0 4.419067854019302
185 447 4.0 4.029300799813849
303 291 3.0 3.7778591107773307
298 317 4.0 4.337961479654495
576 204 4.0 3.533298826777088
97 423 5.0 4.574557019564708
208 663 5.0 4.179681556099457
692 204 5.0 2.5600588450325414
566 191 4.0 3.8408844695057582
298 88 5.0 4.277829059412451
313 404 4.0 3.399872124571197
223 276 4.0 1.2780029006663984
243 511 5.0 3.7802400738688826
588 333 5.0 3.7546305692673214
65 197 5.0 3.232984861594166
462 237 5.0 4.6959670781893
479 588 1.0 3.458892823037413
156 510 4.0 2.4421739747410243
659 319 3.0 2.6266815160786403
83 66 4.0 3.981310836138553
504 356 4.0 2.9413093449843406
144 742 4.0 3.9305883661909147
429 182 4.0 3.4137372989419137
303 508 4.0 3.870549699394325
276 144 5.0 3.5112194198131887
65 168 4.0 2.9919790368931176
237 9 4.0 3.943987368847504
156 192 4.0 2.462836700002769
399 179 3.0 1.583961789844143
332 693 5.0 3.503124078986148
660 209 4.0 1.675269355976139
763 99 4.0 2.8874280181776193
521 184 4.0 2.8357449903712997
209 321 4.0 2.639931231065314
272 69 4.0 4.972491336023889
659 179 1.0 3.5572228281315743
496 147 3.0 2.755230979947857
654 258 4.0 3.968898299912514
92 1028 2.0 4.109816337139312
23 90 2.0 3.4944451345060124
180 631 5.0 4.169065611694124
476 430 4.0 3.295968340341331
186 95 3.0 3.4444847100675484
99 682 2.0 4.083916593759113
190 742 3.0 4.602790373212418
559 385 4.0 3.7793243744731786
181 276 2.0 0.5044332216772063
298 183 3.0 4.632652140164051
144 273 4.0 3.872255964091533
591 72 3.0 3.87523498559621
275 294 4.0 2.511016751947507
418 269 5.0 1.6400862068965516
582 268 4.0 3.642648526921719
135 23 4.0 3.4178558704356616
501 628 4.0 4.320390244956535
479 257 4.0 3.332446369796183
328 628 3.0 3.2522397998439088
327 33 3.0 1.2651310360526993
504 699 4.0 3.2360947048378015
99 123 3.0 3.7420408982865543
80 234 3.0 2.4450018580453365
474 195 5.0 4.03825806911843
382 514 3.0 4.061157268829103
756 178 5.0 3.014376755224985
134 751 5.0 2.9759738070487836
154 515 4.0 4.251343580748406
148 173 5.0 4.56522487199017
276 65 4.0 3.621181012871177
276 232 3.0 3.5235496692723465
655 462 3.0 2.1267353567646055
1 194 4.0 3.981702536434933
135 288 3.0 3.2474255275927493
232 8 2.0 4.991572412602313
67 546 3.0 4.44008875739645
378 87 4.0 3.3545254813121517
286 211 4.0 4.023117011580383
340 66 5.0 4.3670186023127195
12 159 4.0 4.788668238704116
186 566 5.0 3.720811675769053
326 447 4.0 3.0053900460367307
230 162 4.0 4.4570104647879285
321 135 4.0 3.7365075370403633
193 307 4.0 3.387734954192484
12 69 5.0 5.3727427851291445
69 7 5.0 4.243271513554147
455 159 3.0 3.6694174003998272
655 317 3.0 1.9538025367160636
514 431 4.0 4.326529503412167
1 193 4.0 3.835619305337638
144 518 3.0 3.9005270125738662
118 559 4.0 5.55706321403899
246 919 4.0 2.8468502169178413
125 511 5.0 3.794982994851559
24 223 5.0 4.890615091646508
95 483 3.0 3.424454722175357
223 286 1.0 1.6185686123010754
405 48 1.0 2.2011186697648673
327 294 3.0 2.428307834771629
508 1 5.0 4.340537049656524
11 357 5.0 3.2267932941461988
746 168 3.0 4.119289042713512
504 294 2.0 2.9947913239790958
172 183 5.0 3.370135457350938
588 301 5.0 3.900391815183984
58 546 2.0 3.6597277350583868
13 447 2.0 3.3142669490580943
603 180 4.0 3.940066366017475
693 582 2.0 2.7849195150273625
403 471 5.0 4.551804160910287
116 257 3.0 2.1461589145472066
381 99 5.0 4.872025360430779
751 89 3.0 3.5018236790324906
81 318 5.0 1.9930197325463699
825 222 5.0 5.191175713918189
143 325 5.0 3.8495479535198287
663 333 5.0 3.481710289291608
23 323 2.0 3.7043374665200473
470 50 5.0 3.5975845410628025
24 58 3.0 4.80928460914893
94 588 4.0 3.1391959237993965
216 91 4.0 4.151340785304369
249 228 4.0 4.135684695466254
92 148 2.0 4.0322237454206435
655 13 3.0 2.137328954864188
756 88 1.0 2.7838070900921923
504 385 4.0 3.1193377165662604
293 582 4.0 2.366373081804347
470 246 2.0 3.0752750740494275
436 433 5.0 2.8371577336167566
234 501 4.0 2.4024121947438664
50 286 2.0 3.5167922690386875
47 292 4.0 2.277386379334162
328 286 5.0 3.242243889880756
429 430 4.0 4.0200213955191435
382 504 3.0 4.061157268829103
95 596 2.0 3.5852654265519974
429 283 3.0 4.003044938322317
742 237 4.0 2.740845046883166
151 231 1.0 4.216197021600896
65 65 3.0 3.3037510409662265
693 98 4.0 3.3084799670652396
285 514 3.0 3.3224932249322494
651 327 4.0 4.462584884949216
751 25 5.0 2.4582696318328523
188 318 5.0 3.9165854703537137
588 268 5.0 3.9732663127341508
23 652 4.0 3.984665661136249
197 518 1.0 2.7205855610110925
291 631 5.0 4.592896654000034
588 202 1.0 4.09990995503178
301 597 3.0 3.9435635058038763
188 259 3.0 4.061021990060858
276 39 3.0 3.870518391736667
328 199 4.0 3.2058389072613855
164 685 5.0 5.330572719579921
58 214 2.0 3.6824054249224782
133 243 3.0 2.5628265450816876
435 203 4.0 3.1901543430051875
455 79 4.0 3.868816077741651
125 25 1.0 3.7901044008563893
655 660 2.0 2.0173219292795226
227 475 4.0 2.5813342531535928
293 356 3.0 2.732078369001208
419 69 4.0 4.615868215226596
246 223 5.0 3.090542907374675
11 54 3.0 2.6683630994682908
217 233 4.0 2.837901267318017
186 225 4.0 2.1921908780498898
919 303 4.0 2.124820908057903
521 11 4.0 2.4072586773693976
480 527 4.0 3.4541678146261177
321 174 3.0 3.4199689199689205
265 1016 3.0 4.103061879522158
13 187 5.0 3.2768608380885116
174 288 3.0 3.8589750488818506
87 1028 4.0 4.514285864905883
249 411 3.0 4.182513050067343
399 747 5.0 2.0374925014350467
8 190 4.0 4.353041607996517
210 15 4.0 4.739268535816008
682 259 3.0 3.7499156649305987
455 504 4.0 3.1150778045834056
276 135 5.0 3.9619684694998774
747 95 3.0 4.981477342952023
116 479 4.0 2.1461589145472066
188 554 2.0 3.815229423598662
735 275 4.0 3.6257979795895348
528 298 4.0 3.9639290699780148
528 484 3.0 3.3347117386149288
655 7 3.0 2.018281657176334
157 685 3.0 4.330370944238571
665 271 2.0 2.864627397491873
96 174 5.0 4.519181965777662
90 162 5.0 3.7398757423182727
318 527 5.0 3.853840745572459
526 751 2.0 3.4533522568442097
708 283 1.0 3.7828750901040062
455 95 4.0 3.8658235993108003
588 378 3.0 3.065954082868619
265 294 4.0 4.372732940326432
750 271 4.0 3.356634596222501
268 105 2.0 4.438728036496681
699 473 3.0 4.11165915641619
657 302 2.0 3.5833627901496405
184 56 3.0 3.3324763983544865
919 260 4.0 2.9828635002399264
325 109 2.0 2.73046398046398
187 423 4.0 4.0462804008424875
56 298 4.0 3.8388792856291407
272 48 4.0 4.6771006342538195
87 515 4.0 4.294931079706867
134 1 5.0 2.701046972269383
194 15 4.0 2.497151508080365
399 181 3.0 2.0579284960718396
68 471 3.0 3.901297947461928
11 692 4.0 3.4837032812186983
92 69 5.0 3.2148836412183948
1 70 3.0 3.897173497478558
62 55 5.0 3.1340159834036463
193 210 4.0 3.319735300748832
265 7 2.0 4.3688178067748
665 96 3.0 2.881290205839761
381 520 5.0 4.872025360430779
22 231 2.0 3.7292503188129524
232 181 4.0 4.149572343724606
514 13 3.0 4.484087563036289
429 186 4.0 4.4066754501537115
13 170 5.0 3.394830826651729
23 419 3.0 3.031647304580176
332 53 3.0 5.167846471648415
23 96 4.0 3.410350473305875
25 498 4.0 4.371923579048225
321 705 3.0 3.475726275535606
303 248 2.0 3.533750735706126
7 405 3.0 4.47393189659942
73 156 4.0 3.0837593589553123
276 121 4.0 3.197885510201085
194 317 4.0 2.0611532099067826
484 823 4.0 4.465989658297351
195 636 2.0 4.3528476989575395
474 528 5.0 4.666803842319082
151 514 4.0 4.322017916994134
181 14 1.0 1.0768571683644956
496 554 2.0 3.3061020819788376
479 258 5.0 3.154751015787203
181 763 1.0 1.20629782149183
427 292 2.0 4.639338891114927
22 4 5.0 3.783936528422533
399 154 3.0 1.6516002055858867
478 327 3.0 2.0668875444156347
154 172 4.0 4.285531475852175
13 403 2.0 3.006393739742677
265 298 5.0 4.1050718083703925
153 357 5.0 0.9992891018380636
214 475 5.0 3.254205409355016
293 423 3.0 3.570966775526635
324 340 5.0 4.860409972515736
271 520 5.0 3.2456012265369667
109 252 5.0 4.237277381367207
663 471 3.0 4.368592805079406
72 566 4.0 3.4367867671836625
530 333 3.0 3.5481074481074484
77 636 2.0 3.1623288887700234
642 1028 4.0 4.08343191313032
117 928 3.0 4.130890265179621
521 156 4.0 2.810607822362126
127 380 5.0 3.8439378574716403
815 501 3.0 3.3017035059688036
191 86 5.0 3.846302748741773
313 177 4.0 3.5425891455145444
259 98 4.0 4.831037649219468
13 315 5.0 2.714866263790621
94 421 4.0 3.22322621301905
269 180 3.0 3.560351487514122
763 159 3.0 3.7906457610243205
709 230 2.0 3.6262854205917194
506 274 4.0 4.49685048232563
194 518 4.0 2.025224883361159
216 169 3.0 4.078039256500423
498 484 4.0 2.6792549028829313
756 642 2.0 3.014376755224985
455 234 4.0 3.604985702624302
181 111 3.0 0.5161481327937617
250 404 4.0 3.553970329603076
402 116 3.0 3.060725700319609
286 455 1.0 3.620222938638091
715 265 5.0 3.4524984217021095
271 79 4.0 2.448587487451757
269 509 4.0 2.819338907545517
200 58 4.0 4.393103926300587
405 179 1.0 1.3183272864372337
271 476 1.0 3.254491615891834
751 121 4.0 2.9062797026894045
402 181 4.0 4.710611356011992
24 7 4.0 4.840550357570065
174 63 4.0 3.516134205931477
213 273 5.0 4.926556330243941
298 526 5.0 4.627950300132126
750 323 3.0 3.356634596222501
447 447 3.0 3.90923833152573
746 132 4.0 4.115050535788098
237 479 5.0 4.008339411524886
198 429 4.0 2.5187027709158296
663 322 4.0 3.7294611246264733
327 410 2.0 2.0720089955057372
321 521 2.0 3.475726275535606
301 665 2.0 4.210172285119365
201 631 2.0 3.691079392952515
248 257 3.0 3.833053300228899
514 257 4.0 4.2964021883513865
181 15 3.0 0.8230864126427768
183 449 2.0 2.744190629369755
174 99 3.0 4.063528106030908
411 117 2.0 4.190769803153753
1 191 5.0 3.8375044081933796
514 473 3.0 4.511118345535168
554 70 4.0 3.6791166138506624
144 72 4.0 4.096189148241817
56 678 4.0 3.9006263163570525
588 625 3.0 4.647516825759908
405 28 4.0 1.4223317389412973
303 318 5.0 3.999180727160002
327 1 4.0 4.265157609888101
327 431 3.0 3.1889202281444096
332 148 5.0 3.503124078986148
195 14 4.0 3.9127787253180695
178 176 4.0 3.9976566128764026
659 526 5.0 3.552475237923591
1 17 3.0 4.332919059167456
135 294 4.0 3.671203356583859
201 1039 3.0 3.3505938505938504
151 485 5.0 4.349339590507124
659 96 4.0 3.2364330336238836
218 56 3.0 3.7095915636788117
48 496 5.0 4.469014418713244
184 197 4.0 3.3300057298688226
275 96 3.0 3.1676318884113366
546 665 2.0 5.174813005696805
11 527 4.0 3.425498464102861
333 483 4.0 3.6326929366912744
504 98 5.0 4.494189006707547
748 498 4.0 3.810503696849295
436 1028 4.0 2.513951979234263
506 174 5.0 4.278262408993844
56 435 3.0 3.9066273095303474
237 238 4.0 4.085073801160058
705 393 4.0 3.478658909991071
447 260 2.0 4.389291383041807
321 9 4.0 3.909381661833291
286 55 4.0 3.857997189655354
665 191 3.0 2.5349025974025974
399 204 3.0 2.1008377557767712
232 250 4.0 4.161255493891645
508 150 5.0 4.168708897072888
151 193 4.0 4.432144688311955
504 402 4.0 2.8999690333085235
250 81 4.0 3.503554963619329
109 69 4.0 4.166811787563866
682 42 5.0 3.7499156649305987
506 239 3.0 4.328477763804344
23 433 5.0 3.2124448409248623
588 432 4.0 3.952912662013258
327 147 2.0 1.9496057714079948
72 191 5.0 4.261309188549092
194 192 5.0 2.5471413873230278
399 12 3.0 1.7565550034447752
479 356 3.0 3.4181278725527964
153 187 2.0 1.514302180920947
429 192 3.0 3.920098347811898
235 520 4.0 3.7109036338242896
161 15 2.0 1.7610998261487816
53 118 4.0 3.655796609415532
326 514 3.0 3.0053900460367307
190 333 4.0 3.2255495197417594
252 124 5.0 4.193733530143544
116 199 4.0 1.626994932304667
385 204 1.0 1.5093256077155088
77 192 3.0 3.511698483627299
546 100 3.0 3.6755015197568395
472 64 5.0 4.986190556688525
198 174 5.0 2.9248969542415586
210 411 3.0 4.588925326400861
81 121 4.0 3.2754641699107667
54 25 4.0 3.878279289555157
294 281 3.0 3.8554113661255234
269 172 3.0 2.5679931373513134
659 215 4.0 3.4602677432103883
4 210 3.0 5.1542309317007335
465 319 3.0 3.0686431623931627
87 521 3.0 4.271979520146641
523 25 4.0 5.078443426433467
65 121 4.0 3.5118567474338795
660 67 1.0 1.6046750979986084
72 172 1.0 3.1437969903920226
210 380 4.0 4.673482373064132
596 328 5.0 3.8329889086673523
327 121 2.0 2.2734584070943167
293 168 4.0 2.4933036125242043
294 245 3.0 3.6722993133148636
94 175 4.0 3.2414400429848684
293 162 3.0 3.0327305793224126
77 455 3.0 3.4552485071716745
58 347 3.0 4.246197906379617
506 449 2.0 4.373918328631338
226 97 3.0 3.862363044421008
283 95 5.0 4.413243850841854
435 144 4.0 3.1644663622571354
12 132 5.0 4.75359754967156
222 135 5.0 2.935099515013529
405 693 2.0 2.507824329150175
11 176 3.0 3.1808691730220695
298 866 3.0 4.249931306092907
506 228 5.0 4.472767153981582
286 298 4.0 3.8178581920978365
216 204 4.0 4.014920613589763
14 81 5.0 3.8662880690693617
109 431 3.0 4.2064625034822525
498 693 3.0 2.1620514976098217
238 252 3.0 2.920675383058355
327 7 3.0 2.054757347961907
90 506 5.0 3.4234639443569597
566 576 2.0 2.822773078934202
501 288 4.0 4.337018581957853
70 168 4.0 3.475462939790937
291 1016 4.0 3.9853666135467734
496 217 5.0 2.632997759470261
576 514 5.0 3.3269985904812596
124 154 5.0 2.9123335335702922
48 71 3.0 4.133728456226923
246 50 5.0 3.8685522829982864
659 659 3.0 3.625257757572769
402 15 5.0 4.353364522808172
705 566 4.0 2.8047302157160194
479 213 4.0 3.5381357430440383
159 678 5.0 2.9650887573964497
209 301 3.0 3.2766249050691854
270 443 3.0 4.66408894033704
123 427 3.0 2.51953601953602
508 234 4.0 4.318462782753752
13 358 3.0 2.5278548738717532
222 69 5.0 3.50854627994589
268 7 4.0 2.667925232047353
228 427 4.0 1.8250055593197434
550 15 5.0 4.701661289727072
748 318 5.0 3.602677900456589
328 7 4.0 3.318937349177733
402 475 3.0 4.162754224744802
684 202 4.0 3.705920482045591
203 748 2.0 3.492771017776493
7 421 3.0 4.437536278202152
472 73 4.0 4.910146478154617
21 300 3.0 3.7499370435658523
222 208 3.0 3.4419551612572765
301 576 4.0 3.9056281683704097
919 302 4.0 3.24508855517622
328 470 4.0 3.4038686517665613
215 215 3.0 3.741153808555159
125 496 5.0 3.9589925764817564
117 249 4.0 4.346243352542875
411 194 5.0 4.335703697955756
123 13 3.0 2.2879458586056756
825 124 3.0 5.191175713918189
222 265 3.0 3.4901484296008065
747 79 4.0 4.86888348824293
367 246 4.0 5.180109645964574
628 332 5.0 5.834934191184043
269 679 1.0 1.8995688895840894
64 746 5.0 3.6251736475660272
215 449 4.0 3.8958089759901107
465 134 4.0 2.6773979872454357
210 181 5.0 4.73231145677523
174 709 4.0 3.361040181792643
527 4 2.0 3.8961478277890786
288 12 4.0 4.6648028041203675
200 94 4.0 4.36732026911804
252 410 5.0 4.240600640083834
435 38 2.0 3.5566303789497673
117 282 5.0 4.356456589449476
201 285 4.0 3.3505938505938504
231 924 5.0 4.431755424063116
405 94 5.0 1.5427511528969085
24 151 5.0 4.760909759379273
213 200 5.0 4.671262127679604
178 566 4.0 3.8784411576109035
472 91 5.0 4.958986838423831
214 462 4.0 3.254839018283181
436 219 5.0 3.016976770562873
423 148 3.0 3.5153307636803937
81 1 4.0 3.218840579710145
285 346 4.0 3.3224932249322494
21 298 5.0 3.7499370435658523
293 209 3.0 2.835144224936566
1 182 4.0 3.7229320909561237
62 96 4.0 3.3358547714875972
506 175 5.0 4.747411907001539
276 367 3.0 3.55453404023256
286 198 4.0 3.7350480614432477
87 568 5.0 4.492809417777629
134 301 2.0 3.3687661838646323
429 180 5.0 3.067258499900952
474 194 5.0 4.432780929261664
313 121 4.0 3.725284834150275
472 191 5.0 4.64895851719514
1 196 5.0 4.0437892636669925
95 515 5.0 3.575247011601069
249 258 5.0 4.607768054153981
378 582 5.0 3.409515669790746
239 507 5.0 3.8014651930168646
28 176 5.0 4.066987682750529
1 117 3.0 3.674949117150988
222 654 3.0 3.2970639298987443
7 164 5.0 4.462187428604225
215 271 4.0 3.8412530487505236
660 429 4.0 2.2273618560193142
588 143 5.0 4.26233822123431
257 275 4.0 3.853313674418997
270 747 5.0 4.971484071484072
230 22 5.0 4.106056514112826
405 423 5.0 1.3771494014901036
385 42 1.0 1.9090899264399808
177 23 5.0 4.20372395523453
201 176 4.0 3.3505938505938504
699 116 4.0 4.11165915641619
654 282 3.0 3.933234105058602
523 155 4.0 4.680001661611154
323 258 4.0 3.0665875396576157
70 50 4.0 3.760887161988583
429 423 4.0 3.823294676884214
323 215 5.0 3.14772896035238
91 174 5.0 4.292201102406114
200 496 5.0 4.566820273697392
588 313 5.0 3.970440013198589
92 367 3.0 3.5316989049107264
514 313 5.0 4.441081208178803
346 22 5.0 1.8824316875344516
346 172 5.0 2.116075122031935
429 129 4.0 4.0148057331369955
23 204 3.0 2.7955844280482043
303 319 5.0 3.870549699394325
747 204 5.0 3.7767625379202374
82 178 4.0 3.039217294794989
378 709 4.0 3.192071439398752
301 105 3.0 2.9874226581286645
275 99 3.0 2.828989434464705
566 25 2.0 3.4704467971011606
479 15 3.0 3.463485702118445
527 12 4.0 3.9409310610383903
92 95 3.0 3.217195518428672
324 9 5.0 5.553446499196314
588 928 4.0 4.2913171473381935
56 483 4.0 3.7737586144283486
321 527 3.0 4.080068982508007
190 148 4.0 3.2255495197417594
523 1047 5.0 4.794449366575327
13 239 4.0 3.4311023614541494
233 216 5.0 5.334103505085144
476 83 3.0 3.4327954741569595
815 484 4.0 3.3017035059688036
303 228 4.0 3.7778591107773307
472 318 5.0 4.686145771667467
549 472 3.0 3.591041988596603
340 172 4.0 4.3670186023127195
399 157 3.0 2.054501237132618
95 705 5.0 3.68646371824446
186 258 1.0 3.693958799292421
222 4 3.0 3.2455795187392282
121 546 1.0 2.233183264172752
307 200 3.0 3.994620357075858
250 340 4.0 3.5228879128793116
399 506 3.0 1.652221703817925
42 433 2.0 3.9478642058319062
268 484 4.0 2.685502950361815
73 318 4.0 3.8149184982734883
194 79 3.0 2.2781690506901526
234 213 3.0 2.5285852134201123
663 174 5.0 4.238656285043962
527 507 5.0 3.5753799808297955
184 217 3.0 3.34351783698052
705 826 4.0 5.131755424063117
327 8 4.0 2.0720089955057372
693 195 4.0 2.4874640827523273
435 559 3.0 3.3422621409801256
150 123 4.0 4.307468616901615
393 72 4.0 3.1485247951862183
479 188 2.0 3.311727744667038
94 89 3.0 3.3339735804863686
435 447 3.0 3.588151350057692
294 823 3.0 5.031755424063117
380 97 3.0 2.9966881309074873
435 55 5.0 3.2797443854794914
28 31 4.0 3.9097037480952492
655 684 3.0 2.0593349593105486
69 246 5.0 4.102847768047663
197 550 3.0 3.5806785969694612
332 742 5.0 5.435829643305587
92 89 5.0 3.646987346967889
121 275 4.0 3.4018207277013106
156 100 4.0 3.332411765820605
264 559 5.0 5.79109251968504
429 226 3.0 3.2818858786790095
73 269 4.0 4.103018821816898
82 482 4.0 3.0499674014951488
715 144 5.0 3.697228144989339
94 100 5.0 3.7438082504584793
315 324 3.0 4.546760007595491
378 665 2.0 3.192071439398752
654 71 3.0 3.806737648931955
87 235 3.0 4.453055806533483
747 127 5.0 4.53739722574515
196 428 4.0 1.4018288629797753
301 12 4.0 4.173969828222347
429 380 3.0 3.770251861464863
235 191 4.0 4.3422718366907995
218 33 4.0 2.631879991366285
313 67 1.0 3.418080625781156
504 219 3.0 3.016557403516681
233 12 2.0 4.858651631020843
269 498 4.0 2.3131668947207347
746 720 3.0 3.452686718613851
325 240 1.0 2.73046398046398
144 333 3.0 3.812058631620596
756 403 2.0 2.6261138993513304
198 249 2.0 2.12548728713064
11 8 4.0 3.0714559972821185
291 1 5.0 4.4093093852770044
116 331 3.0 2.287094994843754
382 168 4.0 6.801021471753179
157 118 2.0 4.17633969313443
53 50 4.0 4.428466511633468
175 215 5.0 3.6736968981743994
195 678 3.0 3.299548877083722
234 739 3.0 2.3905074919578215
514 237 4.0 4.278650595386055
313 162 3.0 3.5382423650328607
435 762 4.0 3.025950704502827
173 294 5.0 5.813239693068019
447 815 3.0 4.381921500121999
187 28 4.0 4.014998922348914
476 238 3.0 3.4959363402678405
271 88 4.0 3.1163022516669168
313 15 2.0 3.5740497182567044
483 449 3.0 3.373045656770245
315 273 3.0 3.1758625763260504
655 381 3.0 2.5327885401517074
318 655 4.0 4.172703171001937
15 928 1.0 2.3713391860029587
378 866 2.0 3.192071439398752
568 234 3.0 2.8357125597813138
127 748 5.0 2.551928119041758
284 300 3.0 3.377174745595798
238 546 3.0 3.2605180807279623
521 176 4.0 2.8062482321473086
514 470 3.0 4.3319703875317925
222 147 4.0 3.3560369726305144
95 227 2.0 3.530908461099808
92 217 3.0 3.881013734839276
169 498 3.0 4.412646189639826
568 523 3.0 2.9935028184144254
222 240 2.0 3.4530733603146357
230 504 3.0 4.157681301502775
715 405 3.0 3.697228144989339
498 164 3.0 2.7365956703221412
591 382 4.0 3.4025029021711095
482 301 4.0 3.2106069843555165
109 845 4.0 4.237277381367207
215 22 3.0 3.39739332939986
347 748 2.0 4.570512199187011
274 815 3.0 4.5157884949372695
64 222 4.0 3.604679328601029
291 231 3.0 4.294158842885854
693 514 4.0 2.7021152623294813
181 682 4.0 0.9111469135522323
200 405 3.0 4.612210817061634
91 50 5.0 4.133468085060119
659 121 4.0 4.169277478178653
11 301 4.0 3.608520052109108
7 195 5.0 4.42968869437648
135 79 3.0 3.2224208131632417
474 11 5.0 4.712519589135271
461 304 4.0 4.631724484665661
385 1012 3.0 -0.03267410218082878
286 1047 1.0 3.671840675756567
100 288 2.0 2.740917823319487
429 321 3.0 4.154464867197523
732 245 4.0 3.8628230668230303
15 249 1.0 3.5155501702124528
72 100 5.0 3.206688245244078
38 195 1.0 2.8357324439982494
291 418 4.0 3.8897904193228725
87 403 3.0 4.6666937846826215
429 174 4.0 4.190145823877122
222 96 5.0 3.406557615495613
182 69 5.0 3.479543802509862
472 546 4.0 5.040485753682393
62 685 2.0 3.372389472690086
213 582 4.0 4.832799734522685
504 447 4.0 3.043496463628337
756 22 3.0 3.0373465569846183
655 205 3.0 2.2193923443500316
13 96 4.0 3.292022820282008
94 217 4.0 3.2850523345467915
527 508 3.0 4.046403818343665
95 168 4.0 3.3830044653280553
328 98 4.0 3.1242974826286467
271 38 2.0 3.123542780950872
447 69 4.0 4.18061865769203
435 436 4.0 3.9847239603848457
62 62 3.0 3.2212643626100594
293 705 5.0 3.248327241149633
15 845 2.0 2.885305637069017
94 399 4.0 3.303761542056001
514 748 2.0 4.224364986164644
479 144 4.0 3.411893103023311
230 239 4.0 3.999978129136945
90 132 5.0 4.148205262117648
301 89 2.0 3.698650343297039
380 121 3.0 2.557927829528208
1 184 4.0 4.051941624262233
474 98 5.0 4.551953760519419
430 303 4.0 3.2702362996480647
660 38 2.0 1.5450799684530871
82 430 5.0 3.5898925068141385
747 91 5.0 3.9122049997445996
175 186 4.0 3.2143251289652346
566 163 5.0 2.8819308634144205
192 340 4.0 3.472772344413262
447 845 3.0 4.17363601264035
226 191 4.0 4.058790994378873
184 523 4.0 3.4915057197921207
186 546 4.0 3.45548547570883
289 477 2.0 2.0659543595831686
268 47 1.0 2.861718088926087
234 28 4.0 2.439778132755206
474 127 5.0 4.7226362758884175
332 655 5.0 5.337931034482759
89 14 4.0 4.636178008616842
693 566 2.0 2.8025410588332975
64 1 4.0 3.551236605750034
665 483 4.0 3.462642362385118
272 200 5.0 5.091987188259023
62 72 3.0 3.2747593316381938
410 347 1.0 4.918495297805642
521 732 3.0 2.74168313061132
91 515 5.0 4.397640079494293
303 198 4.0 3.999180727160002
310 304 5.0 2.6690368420295276
178 12 5.0 4.186019522656459
756 399 2.0 2.628819760731272
214 195 4.0 3.2422078909386594
249 826 1.0 3.683198993616922
64 326 3.0 2.945002260868536
197 748 3.0 3.818809043024492
326 501 3.0 3.0053900460367307
249 327 4.0 4.202026037865672
148 89 5.0 5.198822190992438
255 7 2.0 2.25379290803098
399 33 3.0 1.673083898182637
70 429 3.0 3.810227785971555
68 596 2.0 3.25121662395064
528 678 3.0 3.7225454321032494
748 197 3.0 3.431275012854495
380 480 4.0 2.8000527479168005
269 183 3.0 3.3820950818221585
746 50 5.0 3.355539910459993
270 148 4.0 4.971484071484072
660 64 3.0 1.6326169675980449
94 603 4.0 3.247345997762127
13 815 4.0 2.38169739720849
293 180 5.0 2.919691534163147
184 591 3.0 3.2993655394061228
751 313 2.0 3.291022590889228
213 214 5.0 4.887218695209412
655 1012 3.0 2.1158402916925927
117 144 4.0 4.421527027947583
591 514 4.0 3.975098933606254
367 56 5.0 4.760468672310175
257 137 4.0 3.89351038997773
429 291 4.0 4.0148057331369955
82 504 4.0 2.7851701809194918
198 55 3.0 2.6552929916421
201 480 4.0 3.3505938505938504
62 472 2.0 3.344625311305247
196 111 4.0 3.83164919588085
181 302 2.0 0.775438120105187
919 318 5.0 2.9828635002399264
162 151 3.0 4.256143162393163
470 919 3.0 2.999122123689962
64 17 3.0 3.514153125453841
411 304 3.0 4.402329256678287
255 98 5.0 1.3942600546661459
95 471 5.0 3.586266327086314
286 91 4.0 3.771134131636679
679 184 4.0 3.4275306537069956
175 660 3.0 3.2967183640305118
222 9 5.0 3.2361408730908945
479 209 4.0 3.338279283538364
193 405 3.0 3.5708631786430107
514 73 4.0 4.400531155838136
472 79 5.0 5.170443457341904
22 176 5.0 3.23210721359758
405 715 1.0 2.7628317244278318
307 831 1.0 4.84985726833553
523 255 5.0 5.079546127132031
199 751 3.0 2.2972507764814765
69 42 5.0 4.161080389002101
14 285 5.0 4.156625285801661
747 511 5.0 4.29307679413
157 137 5.0 4.330370944238571
435 91 4.0 3.2789354684492147
55 273 5.0 3.362728194008092
419 79 4.0 4.374941912260185
188 159 3.0 3.8019417960973305
194 443 3.0 2.381375317137434
506 432 4.0 4.328477763804344
193 410 3.0 3.038851847750577
271 218 3.0 2.834129936095151
270 183 5.0 5.902266762109282
879 597 2.0 3.1246726034573076
276 12 5.0 3.819838897968124
185 127 5.0 4.338520401384615
97 28 5.0 4.964804086675047
202 515 1.0 2.114180719038054
435 684 4.0 3.2101432595801445
343 153 5.0 2.6249218847644045
291 294 5.0 3.594340892588654
484 293 5.0 4.465989658297351
303 15 3.0 4.39463880443626
682 248 3.0 3.7499156649305987
303 866 2.0 3.999180727160002
173 321 4.0 4.392430034764041
313 96 5.0 3.7109560351679107
79 285 5.0 4.059008315103017
144 302 3.0 3.8996335779554094
246 208 4.0 2.8468502169178413
99 121 3.0 3.8358983189724563
455 148 3.0 3.698808877157741
655 252 2.0 2.01187579559397
271 173 4.0 4.0278019251052015
582 831 2.0 3.2108570365801063
234 478 3.0 1.8667599502487557
94 238 5.0 3.3360144057815475
385 215 2.0 1.851391718943592
218 654 4.0 3.5577642898377837
213 447 4.0 4.911524370024413
554 318 5.0 4.16833435708989
91 56 1.0 3.878205128205128
